{
 "metadata": {
  "language_info": {
   "codemirror_mode": {
    "name": "ipython",
    "version": 3
   },
   "file_extension": ".py",
   "mimetype": "text/x-python",
   "name": "python",
   "nbconvert_exporter": "python",
   "pygments_lexer": "ipython3",
   "version": "3.7.9-final"
  },
  "orig_nbformat": 2,
  "kernelspec": {
   "name": "python3",
   "display_name": "Python 3",
   "language": "python"
  }
 },
 "nbformat": 4,
 "nbformat_minor": 2,
 "cells": [
  {
   "source": [
    "# Linear discriminant analysis\n",
    "Supervised data compression"
   ],
   "cell_type": "markdown",
   "metadata": {}
  },
  {
   "cell_type": "code",
   "execution_count": 1,
   "metadata": {},
   "outputs": [],
   "source": [
    "import pandas as pd\n",
    "import numpy as np\n",
    "from sklearn.model_selection import train_test_split\n",
    "from sklearn.preprocessing import StandardScaler\n",
    "from sklearn.datasets import load_wine\n",
    "import matplotlib.pyplot as plt\n",
    "import pandas as pd\n",
    "\n",
    "#Load data\n",
    "dataObj = load_wine()\n",
    "X = dataObj.data\n",
    "y = dataObj.target\n",
    "\n",
    "# Create DataFrame with features\n",
    "df = pd.DataFrame(X)\n",
    "df.columns = dataObj.feature_names\n",
    "\n",
    "# Add class column\n",
    "df.insert(loc=0, column=\"Class\", value=y)\n",
    "\n",
    "# Split data\n",
    "X_train, X_test, y_train, y_test = train_test_split(X, y, test_size=0.3, random_state=0)\n",
    "\n",
    "# Standize\n",
    "sc = StandardScaler()\n",
    "X_train_std = sc.fit_transform(X_train)\n",
    "X_test_std = sc.transform(X_test)"
   ]
  },
  {
   "source": [
    "## Method 1: Using NumPy"
   ],
   "cell_type": "markdown",
   "metadata": {}
  },
  {
   "source": [
    "### Calculate the mean vectors $\\mu_i$ for each class ($i$)"
   ],
   "cell_type": "markdown",
   "metadata": {}
  },
  {
   "cell_type": "code",
   "execution_count": 2,
   "metadata": {},
   "outputs": [
    {
     "output_type": "error",
     "ename": "NameError",
     "evalue": "name 'mus' is not defined",
     "traceback": [
      "\u001b[1;31m---------------------------------------------------------------------------\u001b[0m",
      "\u001b[1;31mNameError\u001b[0m                                 Traceback (most recent call last)",
      "\u001b[1;32m<ipython-input-2-c77ac0011acf>\u001b[0m in \u001b[0;36m<module>\u001b[1;34m\u001b[0m\n\u001b[0;32m      3\u001b[0m \u001b[1;32mfor\u001b[0m \u001b[0mlabel\u001b[0m \u001b[1;32min\u001b[0m \u001b[0mnp\u001b[0m\u001b[1;33m.\u001b[0m\u001b[0munique\u001b[0m\u001b[1;33m(\u001b[0m\u001b[0my\u001b[0m\u001b[1;33m)\u001b[0m\u001b[1;33m:\u001b[0m\u001b[1;33m\u001b[0m\u001b[1;33m\u001b[0m\u001b[0m\n\u001b[0;32m      4\u001b[0m     \u001b[0mmv\u001b[0m \u001b[1;33m=\u001b[0m \u001b[0mnp\u001b[0m\u001b[1;33m.\u001b[0m\u001b[0mmean\u001b[0m\u001b[1;33m(\u001b[0m\u001b[0mX_train_std\u001b[0m\u001b[1;33m[\u001b[0m\u001b[0my_train\u001b[0m \u001b[1;33m==\u001b[0m \u001b[0mlabel\u001b[0m\u001b[1;33m,\u001b[0m \u001b[1;33m:\u001b[0m\u001b[1;33m]\u001b[0m\u001b[1;33m,\u001b[0m \u001b[0maxis\u001b[0m\u001b[1;33m=\u001b[0m\u001b[1;36m0\u001b[0m\u001b[1;33m)\u001b[0m\u001b[1;33m\u001b[0m\u001b[1;33m\u001b[0m\u001b[0m\n\u001b[1;32m----> 5\u001b[1;33m     \u001b[0mmus\u001b[0m\u001b[1;33m.\u001b[0m\u001b[0mappend\u001b[0m\u001b[1;33m(\u001b[0m\u001b[0mmv\u001b[0m\u001b[1;33m)\u001b[0m\u001b[1;33m\u001b[0m\u001b[1;33m\u001b[0m\u001b[0m\n\u001b[0m\u001b[0;32m      6\u001b[0m     \u001b[1;31m#mv_print = \", \".join(f\"{i:5.2f}\" for i in mv)\u001b[0m\u001b[1;33m\u001b[0m\u001b[1;33m\u001b[0m\u001b[1;33m\u001b[0m\u001b[0m\n\u001b[0;32m      7\u001b[0m     \u001b[1;31m#print(f\"Label={label}, MV:{mv_print}\")\u001b[0m\u001b[1;33m\u001b[0m\u001b[1;33m\u001b[0m\u001b[1;33m\u001b[0m\u001b[0m\n",
      "\u001b[1;31mNameError\u001b[0m: name 'mus' is not defined"
     ]
    }
   ],
   "source": [
    "mvs = []\n",
    "\n",
    "for label in np.unique(y):\n",
    "    mv = np.mean(X_train_std[y_train == label, :], axis=0)\n",
    "    mvs.append(mv)\n",
    "    #mv_print = \", \".join(f\"{i:5.2f}\" for i in mv)\n",
    "    #print(f\"Label={label}, MV:{mv_print}\")\n",
    "\n",
    "df = pd.DataFrame(mvs)\n",
    "df.index.name = 'Label'\n",
    "display(df)"
   ]
  },
  {
   "source": [
    "### Compute the within-class scatter matrix\n",
    "Not used because classes are not equally distributed:"
   ],
   "cell_type": "markdown",
   "metadata": {}
  },
  {
   "cell_type": "code",
   "execution_count": 5,
   "metadata": {},
   "outputs": [],
   "source": [
    "d = X_train_std.shape[1]\n",
    "\n",
    "# Within-class scatter matrix\n",
    "S_W_temp = np.zeros((d, d))\n",
    "\n",
    "for label, mv in zip(np.unique(y), mvs):\n",
    "    # Individual scatter matrix for each class\n",
    "    S_i = np.zeros((d, d))\n",
    "    for row in X_train_std[y_train == label]:\n",
    "        row = row.reshape(d,1)\n",
    "        mv = mv.reshape(d,1)\n",
    "        rmmv = row - mv\n",
    "        # Outer product\n",
    "        S_i +=  rmmv @ rmmv.T\n",
    "    S_W_temp += S_i"
   ]
  },
  {
   "cell_type": "code",
   "execution_count": 6,
   "metadata": {},
   "outputs": [
    {
     "output_type": "display_data",
     "data": {
      "text/plain": "     0    1    2    3    4    5    6    7    8    9    10   11   12\n0   0.0  0.0  0.0  0.0  0.0  0.0  0.0  0.0  0.0  0.0  0.0  0.0  0.0\n1   0.0  0.0  0.0  0.0  0.0  0.0  0.0  0.0  0.0  0.0  0.0  0.0  0.0\n2   0.0  0.0  0.0  0.0  0.0  0.0  0.0  0.0  0.0  0.0  0.0  0.0  0.0\n3   0.0  0.0  0.0  0.0  0.0  0.0  0.0  0.0  0.0  0.0  0.0  0.0  0.0\n4   0.0  0.0  0.0  0.0  0.0  0.0  0.0  0.0  0.0  0.0  0.0  0.0  0.0\n5   0.0  0.0  0.0  0.0  0.0  0.0  0.0  0.0  0.0  0.0  0.0  0.0  0.0\n6   0.0  0.0  0.0  0.0  0.0  0.0  0.0  0.0  0.0  0.0  0.0  0.0  0.0\n7   0.0  0.0  0.0  0.0  0.0  0.0  0.0  0.0  0.0  0.0  0.0  0.0  0.0\n8   0.0  0.0  0.0  0.0  0.0  0.0  0.0  0.0  0.0  0.0  0.0  0.0  0.0\n9   0.0  0.0  0.0  0.0  0.0  0.0  0.0  0.0  0.0  0.0  0.0  0.0  0.0\n10  0.0  0.0  0.0  0.0  0.0  0.0  0.0  0.0  0.0  0.0  0.0  0.0  0.0\n11  0.0  0.0  0.0  0.0  0.0  0.0  0.0  0.0  0.0  0.0  0.0  0.0  0.0\n12  0.0  0.0  0.0  0.0  0.0  0.0  0.0  0.0  0.0  0.0  0.0  0.0  0.0",
      "text/html": "<div>\n<style scoped>\n    .dataframe tbody tr th:only-of-type {\n        vertical-align: middle;\n    }\n\n    .dataframe tbody tr th {\n        vertical-align: top;\n    }\n\n    .dataframe thead th {\n        text-align: right;\n    }\n</style>\n<table border=\"1\" class=\"dataframe\">\n  <thead>\n    <tr style=\"text-align: right;\">\n      <th></th>\n      <th>0</th>\n      <th>1</th>\n      <th>2</th>\n      <th>3</th>\n      <th>4</th>\n      <th>5</th>\n      <th>6</th>\n      <th>7</th>\n      <th>8</th>\n      <th>9</th>\n      <th>10</th>\n      <th>11</th>\n      <th>12</th>\n    </tr>\n  </thead>\n  <tbody>\n    <tr>\n      <th>0</th>\n      <td>0.0</td>\n      <td>0.0</td>\n      <td>0.0</td>\n      <td>0.0</td>\n      <td>0.0</td>\n      <td>0.0</td>\n      <td>0.0</td>\n      <td>0.0</td>\n      <td>0.0</td>\n      <td>0.0</td>\n      <td>0.0</td>\n      <td>0.0</td>\n      <td>0.0</td>\n    </tr>\n    <tr>\n      <th>1</th>\n      <td>0.0</td>\n      <td>0.0</td>\n      <td>0.0</td>\n      <td>0.0</td>\n      <td>0.0</td>\n      <td>0.0</td>\n      <td>0.0</td>\n      <td>0.0</td>\n      <td>0.0</td>\n      <td>0.0</td>\n      <td>0.0</td>\n      <td>0.0</td>\n      <td>0.0</td>\n    </tr>\n    <tr>\n      <th>2</th>\n      <td>0.0</td>\n      <td>0.0</td>\n      <td>0.0</td>\n      <td>0.0</td>\n      <td>0.0</td>\n      <td>0.0</td>\n      <td>0.0</td>\n      <td>0.0</td>\n      <td>0.0</td>\n      <td>0.0</td>\n      <td>0.0</td>\n      <td>0.0</td>\n      <td>0.0</td>\n    </tr>\n    <tr>\n      <th>3</th>\n      <td>0.0</td>\n      <td>0.0</td>\n      <td>0.0</td>\n      <td>0.0</td>\n      <td>0.0</td>\n      <td>0.0</td>\n      <td>0.0</td>\n      <td>0.0</td>\n      <td>0.0</td>\n      <td>0.0</td>\n      <td>0.0</td>\n      <td>0.0</td>\n      <td>0.0</td>\n    </tr>\n    <tr>\n      <th>4</th>\n      <td>0.0</td>\n      <td>0.0</td>\n      <td>0.0</td>\n      <td>0.0</td>\n      <td>0.0</td>\n      <td>0.0</td>\n      <td>0.0</td>\n      <td>0.0</td>\n      <td>0.0</td>\n      <td>0.0</td>\n      <td>0.0</td>\n      <td>0.0</td>\n      <td>0.0</td>\n    </tr>\n    <tr>\n      <th>5</th>\n      <td>0.0</td>\n      <td>0.0</td>\n      <td>0.0</td>\n      <td>0.0</td>\n      <td>0.0</td>\n      <td>0.0</td>\n      <td>0.0</td>\n      <td>0.0</td>\n      <td>0.0</td>\n      <td>0.0</td>\n      <td>0.0</td>\n      <td>0.0</td>\n      <td>0.0</td>\n    </tr>\n    <tr>\n      <th>6</th>\n      <td>0.0</td>\n      <td>0.0</td>\n      <td>0.0</td>\n      <td>0.0</td>\n      <td>0.0</td>\n      <td>0.0</td>\n      <td>0.0</td>\n      <td>0.0</td>\n      <td>0.0</td>\n      <td>0.0</td>\n      <td>0.0</td>\n      <td>0.0</td>\n      <td>0.0</td>\n    </tr>\n    <tr>\n      <th>7</th>\n      <td>0.0</td>\n      <td>0.0</td>\n      <td>0.0</td>\n      <td>0.0</td>\n      <td>0.0</td>\n      <td>0.0</td>\n      <td>0.0</td>\n      <td>0.0</td>\n      <td>0.0</td>\n      <td>0.0</td>\n      <td>0.0</td>\n      <td>0.0</td>\n      <td>0.0</td>\n    </tr>\n    <tr>\n      <th>8</th>\n      <td>0.0</td>\n      <td>0.0</td>\n      <td>0.0</td>\n      <td>0.0</td>\n      <td>0.0</td>\n      <td>0.0</td>\n      <td>0.0</td>\n      <td>0.0</td>\n      <td>0.0</td>\n      <td>0.0</td>\n      <td>0.0</td>\n      <td>0.0</td>\n      <td>0.0</td>\n    </tr>\n    <tr>\n      <th>9</th>\n      <td>0.0</td>\n      <td>0.0</td>\n      <td>0.0</td>\n      <td>0.0</td>\n      <td>0.0</td>\n      <td>0.0</td>\n      <td>0.0</td>\n      <td>0.0</td>\n      <td>0.0</td>\n      <td>0.0</td>\n      <td>0.0</td>\n      <td>0.0</td>\n      <td>0.0</td>\n    </tr>\n    <tr>\n      <th>10</th>\n      <td>0.0</td>\n      <td>0.0</td>\n      <td>0.0</td>\n      <td>0.0</td>\n      <td>0.0</td>\n      <td>0.0</td>\n      <td>0.0</td>\n      <td>0.0</td>\n      <td>0.0</td>\n      <td>0.0</td>\n      <td>0.0</td>\n      <td>0.0</td>\n      <td>0.0</td>\n    </tr>\n    <tr>\n      <th>11</th>\n      <td>0.0</td>\n      <td>0.0</td>\n      <td>0.0</td>\n      <td>0.0</td>\n      <td>0.0</td>\n      <td>0.0</td>\n      <td>0.0</td>\n      <td>0.0</td>\n      <td>0.0</td>\n      <td>0.0</td>\n      <td>0.0</td>\n      <td>0.0</td>\n      <td>0.0</td>\n    </tr>\n    <tr>\n      <th>12</th>\n      <td>0.0</td>\n      <td>0.0</td>\n      <td>0.0</td>\n      <td>0.0</td>\n      <td>0.0</td>\n      <td>0.0</td>\n      <td>0.0</td>\n      <td>0.0</td>\n      <td>0.0</td>\n      <td>0.0</td>\n      <td>0.0</td>\n      <td>0.0</td>\n      <td>0.0</td>\n    </tr>\n  </tbody>\n</table>\n</div>"
     },
     "metadata": {}
    }
   ],
   "source": [
    "df = pd.DataFrame(S_W_temp)\n",
    "display(df)"
   ]
  },
  {
   "source": [
    "### Compute the \"scaled\" within-class scatter matrix\n",
    "This is essentially covariance matrix\n"
   ],
   "cell_type": "markdown",
   "metadata": {}
  },
  {
   "cell_type": "code",
   "execution_count": 7,
   "metadata": {},
   "outputs": [
    {
     "output_type": "display_data",
     "data": {
      "text/plain": "          0         1         2         3         4         5         6   \\\n0   1.245832  0.051385 -0.032946 -0.089533  0.115463  0.245386  0.150110   \n1   0.051385  2.154697  0.224341  0.354339 -0.196603  0.036054 -0.005403   \n2  -0.032946  0.224341  2.525035  1.458130  0.370291  0.336648  0.238744   \n3  -0.089533  0.354339  1.458130  1.980524  0.081397  0.117952  0.125216   \n4   0.115463 -0.196603  0.370291  0.081397  2.704772  0.160415  0.149802   \n5   0.245386  0.036054  0.336648  0.117952  0.160415  1.297619  0.615561   \n6   0.150110 -0.005403  0.238744  0.125216  0.149802  0.615561  0.622380   \n7  -0.055687  0.340167  0.471352  0.327635 -0.736919 -0.116308 -0.345311   \n8   0.099079  0.168398  0.030912 -0.037325  0.598469  0.721829  0.598214   \n9   0.487858 -0.167482 -0.056416 -0.129452  0.076183  0.304018  0.260335   \n10  0.023763 -0.357550  0.128417  0.061622  0.118491  0.007153  0.002007   \n11 -0.006972  0.177277  0.234080  0.255452 -0.113417  0.361148  0.167815   \n12  0.134211 -0.254172 -0.106648 -0.129087  0.317966  0.159978  0.049200   \n\n          7         8         9         10        11        12  \n0  -0.055687  0.099079  0.487858  0.023763 -0.006972  0.134211  \n1   0.340167  0.168398 -0.167482 -0.357550  0.177277 -0.254172  \n2   0.471352  0.030912 -0.056416  0.128417  0.234080 -0.106648  \n3   0.327635 -0.037325 -0.129452  0.061622  0.255452 -0.129087  \n4  -0.736919  0.598469  0.076183  0.118491 -0.113417  0.317966  \n5  -0.116308  0.721829  0.304018  0.007153  0.361148  0.159978  \n6  -0.345311  0.598214  0.260335  0.002007  0.167815  0.049200  \n7   2.205761 -0.179296 -0.028542  0.119312 -0.109606 -0.082535  \n8  -0.179296  2.107296  0.506807 -0.124926  0.181378  0.269049  \n9  -0.028542  0.506807  1.396840 -0.285939 -0.153587  0.292842  \n10  0.119312 -0.124926 -0.285939  1.304131 -0.011541  0.131488  \n11 -0.109606  0.181378 -0.153587 -0.011541  0.828067 -0.163274  \n12 -0.082535  0.269049  0.292842  0.131488 -0.163274  0.895681  ",
      "text/html": "<div>\n<style scoped>\n    .dataframe tbody tr th:only-of-type {\n        vertical-align: middle;\n    }\n\n    .dataframe tbody tr th {\n        vertical-align: top;\n    }\n\n    .dataframe thead th {\n        text-align: right;\n    }\n</style>\n<table border=\"1\" class=\"dataframe\">\n  <thead>\n    <tr style=\"text-align: right;\">\n      <th></th>\n      <th>0</th>\n      <th>1</th>\n      <th>2</th>\n      <th>3</th>\n      <th>4</th>\n      <th>5</th>\n      <th>6</th>\n      <th>7</th>\n      <th>8</th>\n      <th>9</th>\n      <th>10</th>\n      <th>11</th>\n      <th>12</th>\n    </tr>\n  </thead>\n  <tbody>\n    <tr>\n      <th>0</th>\n      <td>1.245832</td>\n      <td>0.051385</td>\n      <td>-0.032946</td>\n      <td>-0.089533</td>\n      <td>0.115463</td>\n      <td>0.245386</td>\n      <td>0.150110</td>\n      <td>-0.055687</td>\n      <td>0.099079</td>\n      <td>0.487858</td>\n      <td>0.023763</td>\n      <td>-0.006972</td>\n      <td>0.134211</td>\n    </tr>\n    <tr>\n      <th>1</th>\n      <td>0.051385</td>\n      <td>2.154697</td>\n      <td>0.224341</td>\n      <td>0.354339</td>\n      <td>-0.196603</td>\n      <td>0.036054</td>\n      <td>-0.005403</td>\n      <td>0.340167</td>\n      <td>0.168398</td>\n      <td>-0.167482</td>\n      <td>-0.357550</td>\n      <td>0.177277</td>\n      <td>-0.254172</td>\n    </tr>\n    <tr>\n      <th>2</th>\n      <td>-0.032946</td>\n      <td>0.224341</td>\n      <td>2.525035</td>\n      <td>1.458130</td>\n      <td>0.370291</td>\n      <td>0.336648</td>\n      <td>0.238744</td>\n      <td>0.471352</td>\n      <td>0.030912</td>\n      <td>-0.056416</td>\n      <td>0.128417</td>\n      <td>0.234080</td>\n      <td>-0.106648</td>\n    </tr>\n    <tr>\n      <th>3</th>\n      <td>-0.089533</td>\n      <td>0.354339</td>\n      <td>1.458130</td>\n      <td>1.980524</td>\n      <td>0.081397</td>\n      <td>0.117952</td>\n      <td>0.125216</td>\n      <td>0.327635</td>\n      <td>-0.037325</td>\n      <td>-0.129452</td>\n      <td>0.061622</td>\n      <td>0.255452</td>\n      <td>-0.129087</td>\n    </tr>\n    <tr>\n      <th>4</th>\n      <td>0.115463</td>\n      <td>-0.196603</td>\n      <td>0.370291</td>\n      <td>0.081397</td>\n      <td>2.704772</td>\n      <td>0.160415</td>\n      <td>0.149802</td>\n      <td>-0.736919</td>\n      <td>0.598469</td>\n      <td>0.076183</td>\n      <td>0.118491</td>\n      <td>-0.113417</td>\n      <td>0.317966</td>\n    </tr>\n    <tr>\n      <th>5</th>\n      <td>0.245386</td>\n      <td>0.036054</td>\n      <td>0.336648</td>\n      <td>0.117952</td>\n      <td>0.160415</td>\n      <td>1.297619</td>\n      <td>0.615561</td>\n      <td>-0.116308</td>\n      <td>0.721829</td>\n      <td>0.304018</td>\n      <td>0.007153</td>\n      <td>0.361148</td>\n      <td>0.159978</td>\n    </tr>\n    <tr>\n      <th>6</th>\n      <td>0.150110</td>\n      <td>-0.005403</td>\n      <td>0.238744</td>\n      <td>0.125216</td>\n      <td>0.149802</td>\n      <td>0.615561</td>\n      <td>0.622380</td>\n      <td>-0.345311</td>\n      <td>0.598214</td>\n      <td>0.260335</td>\n      <td>0.002007</td>\n      <td>0.167815</td>\n      <td>0.049200</td>\n    </tr>\n    <tr>\n      <th>7</th>\n      <td>-0.055687</td>\n      <td>0.340167</td>\n      <td>0.471352</td>\n      <td>0.327635</td>\n      <td>-0.736919</td>\n      <td>-0.116308</td>\n      <td>-0.345311</td>\n      <td>2.205761</td>\n      <td>-0.179296</td>\n      <td>-0.028542</td>\n      <td>0.119312</td>\n      <td>-0.109606</td>\n      <td>-0.082535</td>\n    </tr>\n    <tr>\n      <th>8</th>\n      <td>0.099079</td>\n      <td>0.168398</td>\n      <td>0.030912</td>\n      <td>-0.037325</td>\n      <td>0.598469</td>\n      <td>0.721829</td>\n      <td>0.598214</td>\n      <td>-0.179296</td>\n      <td>2.107296</td>\n      <td>0.506807</td>\n      <td>-0.124926</td>\n      <td>0.181378</td>\n      <td>0.269049</td>\n    </tr>\n    <tr>\n      <th>9</th>\n      <td>0.487858</td>\n      <td>-0.167482</td>\n      <td>-0.056416</td>\n      <td>-0.129452</td>\n      <td>0.076183</td>\n      <td>0.304018</td>\n      <td>0.260335</td>\n      <td>-0.028542</td>\n      <td>0.506807</td>\n      <td>1.396840</td>\n      <td>-0.285939</td>\n      <td>-0.153587</td>\n      <td>0.292842</td>\n    </tr>\n    <tr>\n      <th>10</th>\n      <td>0.023763</td>\n      <td>-0.357550</td>\n      <td>0.128417</td>\n      <td>0.061622</td>\n      <td>0.118491</td>\n      <td>0.007153</td>\n      <td>0.002007</td>\n      <td>0.119312</td>\n      <td>-0.124926</td>\n      <td>-0.285939</td>\n      <td>1.304131</td>\n      <td>-0.011541</td>\n      <td>0.131488</td>\n    </tr>\n    <tr>\n      <th>11</th>\n      <td>-0.006972</td>\n      <td>0.177277</td>\n      <td>0.234080</td>\n      <td>0.255452</td>\n      <td>-0.113417</td>\n      <td>0.361148</td>\n      <td>0.167815</td>\n      <td>-0.109606</td>\n      <td>0.181378</td>\n      <td>-0.153587</td>\n      <td>-0.011541</td>\n      <td>0.828067</td>\n      <td>-0.163274</td>\n    </tr>\n    <tr>\n      <th>12</th>\n      <td>0.134211</td>\n      <td>-0.254172</td>\n      <td>-0.106648</td>\n      <td>-0.129087</td>\n      <td>0.317966</td>\n      <td>0.159978</td>\n      <td>0.049200</td>\n      <td>-0.082535</td>\n      <td>0.269049</td>\n      <td>0.292842</td>\n      <td>0.131488</td>\n      <td>-0.163274</td>\n      <td>0.895681</td>\n    </tr>\n  </tbody>\n</table>\n</div>"
     },
     "metadata": {}
    }
   ],
   "source": [
    "d = X_train_std.shape[1]\n",
    "\n",
    "# Scaled within-class scatter matrix\n",
    "S_W = np.zeros((d, d))\n",
    "\n",
    "for label in np.unique(y):\n",
    "    S_i = np.cov(X_train_std[y_train == label], rowvar=False)\n",
    "    S_W += S_i\n",
    "\n",
    "df = pd.DataFrame(S_W)\n",
    "display(df)"
   ]
  },
  {
   "source": [
    "### Compute the between-class scatter matrix"
   ],
   "cell_type": "markdown",
   "metadata": {}
  },
  {
   "cell_type": "code",
   "execution_count": 8,
   "metadata": {},
   "outputs": [
    {
     "output_type": "display_data",
     "data": {
      "text/plain": "     0    1    2    3    4    5    6    7    8    9    10   11   12\n0   0.0  0.0  0.0  0.0  0.0  0.0  0.0  0.0  0.0  0.0  0.0  0.0  0.0\n1   0.0  0.0  0.0  0.0  0.0  0.0  0.0  0.0  0.0  0.0  0.0  0.0  0.0\n2   0.0  0.0  0.0  0.0  0.0  0.0  0.0  0.0  0.0  0.0  0.0  0.0  0.0\n3   0.0  0.0  0.0  0.0  0.0  0.0  0.0  0.0  0.0  0.0  0.0  0.0  0.0\n4   0.0  0.0  0.0  0.0  0.0  0.0  0.0  0.0  0.0  0.0  0.0  0.0  0.0\n5   0.0  0.0  0.0  0.0  0.0  0.0  0.0  0.0  0.0  0.0  0.0  0.0  0.0\n6   0.0  0.0  0.0  0.0  0.0  0.0  0.0  0.0  0.0  0.0  0.0  0.0  0.0\n7   0.0  0.0  0.0  0.0  0.0  0.0  0.0  0.0  0.0  0.0  0.0  0.0  0.0\n8   0.0  0.0  0.0  0.0  0.0  0.0  0.0  0.0  0.0  0.0  0.0  0.0  0.0\n9   0.0  0.0  0.0  0.0  0.0  0.0  0.0  0.0  0.0  0.0  0.0  0.0  0.0\n10  0.0  0.0  0.0  0.0  0.0  0.0  0.0  0.0  0.0  0.0  0.0  0.0  0.0\n11  0.0  0.0  0.0  0.0  0.0  0.0  0.0  0.0  0.0  0.0  0.0  0.0  0.0\n12  0.0  0.0  0.0  0.0  0.0  0.0  0.0  0.0  0.0  0.0  0.0  0.0  0.0",
      "text/html": "<div>\n<style scoped>\n    .dataframe tbody tr th:only-of-type {\n        vertical-align: middle;\n    }\n\n    .dataframe tbody tr th {\n        vertical-align: top;\n    }\n\n    .dataframe thead th {\n        text-align: right;\n    }\n</style>\n<table border=\"1\" class=\"dataframe\">\n  <thead>\n    <tr style=\"text-align: right;\">\n      <th></th>\n      <th>0</th>\n      <th>1</th>\n      <th>2</th>\n      <th>3</th>\n      <th>4</th>\n      <th>5</th>\n      <th>6</th>\n      <th>7</th>\n      <th>8</th>\n      <th>9</th>\n      <th>10</th>\n      <th>11</th>\n      <th>12</th>\n    </tr>\n  </thead>\n  <tbody>\n    <tr>\n      <th>0</th>\n      <td>0.0</td>\n      <td>0.0</td>\n      <td>0.0</td>\n      <td>0.0</td>\n      <td>0.0</td>\n      <td>0.0</td>\n      <td>0.0</td>\n      <td>0.0</td>\n      <td>0.0</td>\n      <td>0.0</td>\n      <td>0.0</td>\n      <td>0.0</td>\n      <td>0.0</td>\n    </tr>\n    <tr>\n      <th>1</th>\n      <td>0.0</td>\n      <td>0.0</td>\n      <td>0.0</td>\n      <td>0.0</td>\n      <td>0.0</td>\n      <td>0.0</td>\n      <td>0.0</td>\n      <td>0.0</td>\n      <td>0.0</td>\n      <td>0.0</td>\n      <td>0.0</td>\n      <td>0.0</td>\n      <td>0.0</td>\n    </tr>\n    <tr>\n      <th>2</th>\n      <td>0.0</td>\n      <td>0.0</td>\n      <td>0.0</td>\n      <td>0.0</td>\n      <td>0.0</td>\n      <td>0.0</td>\n      <td>0.0</td>\n      <td>0.0</td>\n      <td>0.0</td>\n      <td>0.0</td>\n      <td>0.0</td>\n      <td>0.0</td>\n      <td>0.0</td>\n    </tr>\n    <tr>\n      <th>3</th>\n      <td>0.0</td>\n      <td>0.0</td>\n      <td>0.0</td>\n      <td>0.0</td>\n      <td>0.0</td>\n      <td>0.0</td>\n      <td>0.0</td>\n      <td>0.0</td>\n      <td>0.0</td>\n      <td>0.0</td>\n      <td>0.0</td>\n      <td>0.0</td>\n      <td>0.0</td>\n    </tr>\n    <tr>\n      <th>4</th>\n      <td>0.0</td>\n      <td>0.0</td>\n      <td>0.0</td>\n      <td>0.0</td>\n      <td>0.0</td>\n      <td>0.0</td>\n      <td>0.0</td>\n      <td>0.0</td>\n      <td>0.0</td>\n      <td>0.0</td>\n      <td>0.0</td>\n      <td>0.0</td>\n      <td>0.0</td>\n    </tr>\n    <tr>\n      <th>5</th>\n      <td>0.0</td>\n      <td>0.0</td>\n      <td>0.0</td>\n      <td>0.0</td>\n      <td>0.0</td>\n      <td>0.0</td>\n      <td>0.0</td>\n      <td>0.0</td>\n      <td>0.0</td>\n      <td>0.0</td>\n      <td>0.0</td>\n      <td>0.0</td>\n      <td>0.0</td>\n    </tr>\n    <tr>\n      <th>6</th>\n      <td>0.0</td>\n      <td>0.0</td>\n      <td>0.0</td>\n      <td>0.0</td>\n      <td>0.0</td>\n      <td>0.0</td>\n      <td>0.0</td>\n      <td>0.0</td>\n      <td>0.0</td>\n      <td>0.0</td>\n      <td>0.0</td>\n      <td>0.0</td>\n      <td>0.0</td>\n    </tr>\n    <tr>\n      <th>7</th>\n      <td>0.0</td>\n      <td>0.0</td>\n      <td>0.0</td>\n      <td>0.0</td>\n      <td>0.0</td>\n      <td>0.0</td>\n      <td>0.0</td>\n      <td>0.0</td>\n      <td>0.0</td>\n      <td>0.0</td>\n      <td>0.0</td>\n      <td>0.0</td>\n      <td>0.0</td>\n    </tr>\n    <tr>\n      <th>8</th>\n      <td>0.0</td>\n      <td>0.0</td>\n      <td>0.0</td>\n      <td>0.0</td>\n      <td>0.0</td>\n      <td>0.0</td>\n      <td>0.0</td>\n      <td>0.0</td>\n      <td>0.0</td>\n      <td>0.0</td>\n      <td>0.0</td>\n      <td>0.0</td>\n      <td>0.0</td>\n    </tr>\n    <tr>\n      <th>9</th>\n      <td>0.0</td>\n      <td>0.0</td>\n      <td>0.0</td>\n      <td>0.0</td>\n      <td>0.0</td>\n      <td>0.0</td>\n      <td>0.0</td>\n      <td>0.0</td>\n      <td>0.0</td>\n      <td>0.0</td>\n      <td>0.0</td>\n      <td>0.0</td>\n      <td>0.0</td>\n    </tr>\n    <tr>\n      <th>10</th>\n      <td>0.0</td>\n      <td>0.0</td>\n      <td>0.0</td>\n      <td>0.0</td>\n      <td>0.0</td>\n      <td>0.0</td>\n      <td>0.0</td>\n      <td>0.0</td>\n      <td>0.0</td>\n      <td>0.0</td>\n      <td>0.0</td>\n      <td>0.0</td>\n      <td>0.0</td>\n    </tr>\n    <tr>\n      <th>11</th>\n      <td>0.0</td>\n      <td>0.0</td>\n      <td>0.0</td>\n      <td>0.0</td>\n      <td>0.0</td>\n      <td>0.0</td>\n      <td>0.0</td>\n      <td>0.0</td>\n      <td>0.0</td>\n      <td>0.0</td>\n      <td>0.0</td>\n      <td>0.0</td>\n      <td>0.0</td>\n    </tr>\n    <tr>\n      <th>12</th>\n      <td>0.0</td>\n      <td>0.0</td>\n      <td>0.0</td>\n      <td>0.0</td>\n      <td>0.0</td>\n      <td>0.0</td>\n      <td>0.0</td>\n      <td>0.0</td>\n      <td>0.0</td>\n      <td>0.0</td>\n      <td>0.0</td>\n      <td>0.0</td>\n      <td>0.0</td>\n    </tr>\n  </tbody>\n</table>\n</div>"
     },
     "metadata": {}
    }
   ],
   "source": [
    "d = X_train_std.shape[1] # number of features\n",
    "\n",
    "# Mean overall (actually this will give all zeros becuase data is already standardized.)\n",
    "mva = np.mean(X_train_std, axis=0).reshape(d,1) # make column vector\n",
    "\n",
    "S_B = np.zeros((d, d))\n",
    "for label, mv in zip(np.unique(y), mvs):\n",
    "    # Count number of obervation in each class\n",
    "    n = X_train[y_train == label, :].shape[0]\n",
    "    # Mean values for each class\n",
    "    mv = mv.reshape(d, 1)  # make column vector\n",
    "    mmm = mv - mva\n",
    "    # Outer product\n",
    "    S_B += n * mmm @ mmm.T\n",
    "\n",
    "df = pd.DataFrame(S_B)\n",
    "display(df)\n"
   ]
  },
  {
   "source": [
    "### Computer eigenvalues and eigenvectors\n",
    "Solve the generalized eigenvalue problem for the matrix $S_W^{-1}S_B$:"
   ],
   "cell_type": "markdown",
   "metadata": {}
  },
  {
   "cell_type": "code",
   "execution_count": 9,
   "metadata": {},
   "outputs": [],
   "source": [
    "eigen_vals, eigen_vecs = np.linalg.eig(np.linalg.inv(S_W).dot(S_B))"
   ]
  },
  {
   "cell_type": "code",
   "execution_count": 10,
   "metadata": {},
   "outputs": [
    {
     "output_type": "execute_result",
     "data": {
      "text/plain": [
       "array([0., 0., 0., 0., 0., 0., 0., 0., 0., 0., 0., 0., 0.])"
      ]
     },
     "metadata": {},
     "execution_count": 10
    }
   ],
   "source": [
    "# Print the real parts of the eigenvalues\n",
    "eigen_vals.real"
   ]
  },
  {
   "source": [
    "### Sort eigenvectors in decreasing order of the eigenvalues"
   ],
   "cell_type": "markdown",
   "metadata": {}
  },
  {
   "cell_type": "code",
   "execution_count": 11,
   "metadata": {},
   "outputs": [
    {
     "output_type": "display_data",
     "data": {
      "text/plain": "       Eigenvalues                                       Eigenvectors\nOrder                                                                \n0              0.0  [1.0, 0.0, 0.0, 0.0, 0.0, 0.0, 0.0, 0.0, 0.0, ...\n1              0.0  [0.0, 1.0, 0.0, 0.0, 0.0, 0.0, 0.0, 0.0, 0.0, ...\n2              0.0  [0.0, 0.0, 1.0, 0.0, 0.0, 0.0, 0.0, 0.0, 0.0, ...\n3              0.0  [0.0, 0.0, 0.0, 1.0, 0.0, 0.0, 0.0, 0.0, 0.0, ...\n4              0.0  [0.0, 0.0, 0.0, 0.0, 1.0, 0.0, 0.0, 0.0, 0.0, ...\n5              0.0  [0.0, 0.0, 0.0, 0.0, 0.0, 1.0, 0.0, 0.0, 0.0, ...\n6              0.0  [0.0, 0.0, 0.0, 0.0, 0.0, 0.0, 1.0, 0.0, 0.0, ...\n7              0.0  [0.0, 0.0, 0.0, 0.0, 0.0, 0.0, 0.0, 1.0, 0.0, ...\n8              0.0  [0.0, 0.0, 0.0, 0.0, 0.0, 0.0, 0.0, 0.0, 1.0, ...\n9              0.0  [0.0, 0.0, 0.0, 0.0, 0.0, 0.0, 0.0, 0.0, 0.0, ...\n10             0.0  [0.0, 0.0, 0.0, 0.0, 0.0, 0.0, 0.0, 0.0, 0.0, ...\n11             0.0  [0.0, 0.0, 0.0, 0.0, 0.0, 0.0, 0.0, 0.0, 0.0, ...\n12             0.0  [0.0, 0.0, 0.0, 0.0, 0.0, 0.0, 0.0, 0.0, 0.0, ...",
      "text/html": "<div>\n<style scoped>\n    .dataframe tbody tr th:only-of-type {\n        vertical-align: middle;\n    }\n\n    .dataframe tbody tr th {\n        vertical-align: top;\n    }\n\n    .dataframe thead th {\n        text-align: right;\n    }\n</style>\n<table border=\"1\" class=\"dataframe\">\n  <thead>\n    <tr style=\"text-align: right;\">\n      <th></th>\n      <th>Eigenvalues</th>\n      <th>Eigenvectors</th>\n    </tr>\n    <tr>\n      <th>Order</th>\n      <th></th>\n      <th></th>\n    </tr>\n  </thead>\n  <tbody>\n    <tr>\n      <th>0</th>\n      <td>0.0</td>\n      <td>[1.0, 0.0, 0.0, 0.0, 0.0, 0.0, 0.0, 0.0, 0.0, ...</td>\n    </tr>\n    <tr>\n      <th>1</th>\n      <td>0.0</td>\n      <td>[0.0, 1.0, 0.0, 0.0, 0.0, 0.0, 0.0, 0.0, 0.0, ...</td>\n    </tr>\n    <tr>\n      <th>2</th>\n      <td>0.0</td>\n      <td>[0.0, 0.0, 1.0, 0.0, 0.0, 0.0, 0.0, 0.0, 0.0, ...</td>\n    </tr>\n    <tr>\n      <th>3</th>\n      <td>0.0</td>\n      <td>[0.0, 0.0, 0.0, 1.0, 0.0, 0.0, 0.0, 0.0, 0.0, ...</td>\n    </tr>\n    <tr>\n      <th>4</th>\n      <td>0.0</td>\n      <td>[0.0, 0.0, 0.0, 0.0, 1.0, 0.0, 0.0, 0.0, 0.0, ...</td>\n    </tr>\n    <tr>\n      <th>5</th>\n      <td>0.0</td>\n      <td>[0.0, 0.0, 0.0, 0.0, 0.0, 1.0, 0.0, 0.0, 0.0, ...</td>\n    </tr>\n    <tr>\n      <th>6</th>\n      <td>0.0</td>\n      <td>[0.0, 0.0, 0.0, 0.0, 0.0, 0.0, 1.0, 0.0, 0.0, ...</td>\n    </tr>\n    <tr>\n      <th>7</th>\n      <td>0.0</td>\n      <td>[0.0, 0.0, 0.0, 0.0, 0.0, 0.0, 0.0, 1.0, 0.0, ...</td>\n    </tr>\n    <tr>\n      <th>8</th>\n      <td>0.0</td>\n      <td>[0.0, 0.0, 0.0, 0.0, 0.0, 0.0, 0.0, 0.0, 1.0, ...</td>\n    </tr>\n    <tr>\n      <th>9</th>\n      <td>0.0</td>\n      <td>[0.0, 0.0, 0.0, 0.0, 0.0, 0.0, 0.0, 0.0, 0.0, ...</td>\n    </tr>\n    <tr>\n      <th>10</th>\n      <td>0.0</td>\n      <td>[0.0, 0.0, 0.0, 0.0, 0.0, 0.0, 0.0, 0.0, 0.0, ...</td>\n    </tr>\n    <tr>\n      <th>11</th>\n      <td>0.0</td>\n      <td>[0.0, 0.0, 0.0, 0.0, 0.0, 0.0, 0.0, 0.0, 0.0, ...</td>\n    </tr>\n    <tr>\n      <th>12</th>\n      <td>0.0</td>\n      <td>[0.0, 0.0, 0.0, 0.0, 0.0, 0.0, 0.0, 0.0, 0.0, ...</td>\n    </tr>\n  </tbody>\n</table>\n</div>"
     },
     "metadata": {}
    }
   ],
   "source": [
    "# Make a list of (eigenvalue, eigenvector) tuples\n",
    "eigen_pairs = [(eigen_vals[i].real, eigen_vecs.real[:, i]) for i in range(len(eigen_vals))]\n",
    "\n",
    "# Sort the (eigenvalue, eigenvector) tuples from high to low\n",
    "eigen_pairs = sorted(eigen_pairs, key=lambda k: k[0], reverse=True)\n",
    "\n",
    "df = pd.DataFrame(eigen_pairs)\n",
    "df.index.name = \"Order\"\n",
    "df.columns = [\"Eigenvalues\",\"Eigenvectors\"]\n",
    "display(df)"
   ]
  },
  {
   "source": [
    "### Visualizing \"discriminability\""
   ],
   "cell_type": "markdown",
   "metadata": {}
  },
  {
   "cell_type": "code",
   "execution_count": 12,
   "metadata": {},
   "outputs": [
    {
     "output_type": "display_data",
     "data": {
      "text/plain": "<Figure size 432x288 with 1 Axes>",
