{
 "metadata": {
  "language_info": {
   "codemirror_mode": {
    "name": "ipython",
    "version": 3
   },
   "file_extension": ".py",
   "mimetype": "text/x-python",
   "name": "python",
   "nbconvert_exporter": "python",
   "pygments_lexer": "ipython3",
   "version": "3.8.5-final"
  },
  "orig_nbformat": 2,
  "kernelspec": {
   "name": "python3",
   "display_name": "Python 3",
   "language": "python"
  }
 },
 "nbformat": 4,
 "nbformat_minor": 2,
 "cells": [
  {
   "cell_type": "code",
   "execution_count": 19,
   "metadata": {},
   "outputs": [],
   "source": [
    "import numpy as np\n",
    "import pandas as pd\n",
    "from sklearn.preprocessing import StandardScaler\n",
    "from sklearn.model_selection import train_test_split"
   ]
  },
  {
   "cell_type": "code",
   "execution_count": 20,
   "metadata": {},
   "outputs": [],
   "source": [
    "df_wine = pd.read_csv('https://archive.ics.uci.edu/ml/'\n",
    "                      'machine-learning-databases/wine/wine.data',\n",
    "                      header=None)\n",
    "\n",
    "df_wine.columns = ['Class label', 'Alcohol', 'Malic acid', 'Ash',\n",
    "                   'Alcalinity of ash', 'Magnesium', 'Total phenols',\n",
    "                   'Flavanoids', 'Nonflavanoid phenols', 'Proanthocyanins',\n",
    "                   'Color intensity', 'Hue',\n",
    "                   'OD280/OD315 of diluted wines', 'Proline']"
   ]
  },
  {
   "cell_type": "code",
   "execution_count": 21,
   "metadata": {},
   "outputs": [],
   "source": [
    "X, y = df_wine.iloc[:, 1:].values, df_wine.iloc[:, 0].values\n",
    "\n",
    "X_train, X_test, y_train, y_test = \\\n",
    "    train_test_split(X, y, test_size=0.3, random_state=0)"
   ]
  },
  {
   "cell_type": "code",
   "execution_count": 22,
   "metadata": {},
   "outputs": [],
   "source": [
    "sc = StandardScaler()\n",
    "X_train_std = sc.fit_transform(X_train)\n",
    "X_test_std = sc.transform(X_test)"
   ]
  },
  {
   "cell_type": "code",
   "execution_count": 23,
   "metadata": {},
   "outputs": [
    {
     "output_type": "stream",
     "name": "stdout",
     "text": [
      "[1 2 3]\n"
     ]
    }
   ],
   "source": [
    "# Unique class\n",
    "print(np.unique(y_train))"
   ]
  },
  {
   "cell_type": "code",
   "execution_count": 24,
   "metadata": {},
   "outputs": [
    {
     "output_type": "stream",
     "name": "stdout",
     "text": [
      "Label=1, MV: 0.93, -0.31,  0.26, -0.80,  0.30,  0.96,  1.05, -0.63,  0.54,  0.22,  0.49,  0.80,  1.20\nLabel=2, MV:-0.87, -0.39, -0.44,  0.25, -0.24, -0.11,  0.02, -0.02,  0.11, -0.88,  0.44,  0.28, -0.70\nLabel=3, MV: 0.16,  0.89,  0.32,  0.57, -0.01, -0.95, -1.23,  0.74, -0.77,  0.98, -1.17, -1.30, -0.39\n"
     ]
    }
   ],
   "source": [
    "mvs = []\n",
    "\n",
    "# Calculate mean vectors for each class\n",
    "for label in np.unique(y):\n",
    "    mv = np.mean(X_train_std[y_train == label, :], axis=0)\n",
    "    mvs.append(mv)\n",
    "    mv_print = \", \".join(f\"{i:5.2f}\" for i in mv)\n",
    "    print(f\"Label={label}, MV:{mv_print}\")"
   ]
  },
  {
   "cell_type": "code",
   "execution_count": 25,
   "metadata": {},
   "outputs": [],
   "source": [
    "d = X_train_std.shape[1]\n",
    "\n",
    "# Within-class scatter matrix\n",
    "S_W = np.zeros((d, d))\n",
    "\n",
    "for label, mv in zip(np.unique(y), mvs):\n",
    "    # Individual scatter matrix for each class\n",
    "    S_i = np.zeros((d, d))\n",
    "    for row in X_train_std[y_train == label]:\n",
    "        row = row.reshape(d,1)\n",
    "        mv = mv.reshape(d,1)\n",
    "        rmmv = row - mv\n",
    "        S_i +=  rmmv @ rmmv.T\n",
    "    S_W += S_i"
   ]
  },
  {
   "cell_type": "code",
   "execution_count": 26,
   "metadata": {},
   "outputs": [
    {
     "output_type": "stream",
     "name": "stdout",
     "text": [
      "[[ 51.45101306   0.670318    -2.06258511  -3.47238501   4.84388869\n    9.0901686    5.68687116  -2.41246623   1.10812187  18.65670392\n    1.62444216  -1.12474241   5.56659679]\n [  0.670318    84.99305482   9.47473115  14.83445274  -7.89867542\n    2.51390052   1.03042395  13.69191016   8.99868657  -6.65578513\n  -16.78460821   7.3565464  -11.07769284]\n [ -2.06258511   9.47473115 107.97264694  62.55949709  14.26093065\n   13.5860753   11.00744636  20.67291239   2.32277049  -2.34240043\n    4.37462302  10.31171475  -3.64807231]\n [ -3.47238501  14.83445274  62.55949709  84.24878958   1.85151117\n    5.27001803   6.27341911  14.78290279  -0.76047476  -5.43540683\n    2.20501071  12.29673823  -4.9820588 ]\n [  4.84388869  -7.89867542  14.26093065   1.85151117 117.45959015\n    7.05131981   4.79572529 -30.10855865  28.00924022   2.78008086\n    6.00007813  -4.91405093  15.67292609]\n [  9.0901686    2.51390052  13.5860753    5.27001803   7.05131981\n   54.9426362   27.24579247  -6.96515569  30.77187279  10.96442305\n    0.96291316  16.34882663   6.4507137 ]\n [  5.68687116   1.03042395  11.00744636   6.27341911   4.79572529\n   27.24579247  26.97725187 -13.24736455  26.40915897   9.99717861\n    0.64812659   8.92805383   1.86977814]\n [ -2.41246623  13.69191016  20.67291239  14.78290279 -30.10855865\n   -6.96515569 -13.24736455  88.72707463 -10.02630299  -1.61021507\n    3.95245517  -6.53059358  -4.91245043]\n [  1.10812187   8.99868657   2.32277049  -0.76047476  28.00924022\n   30.77187279  26.40915897 -10.02630299  91.45258993  17.5772277\n   -4.37660864   9.3585658   11.28131914]\n [ 18.65670392  -6.65578513  -2.34240043  -5.43540683   2.78008086\n   10.96442305   9.99717861  -1.61021507  17.5772277   50.58913624\n   -9.72182311  -6.07114718  11.42220144]\n [  1.62444216 -16.78460821   4.37462302   2.20501071   6.00007813\n    0.96291316   0.64812659   3.95245517  -4.37660864  -9.72182311\n   57.22470456  -0.89921605   5.91504769]\n [ -1.12474241   7.3565464   10.31171475  12.29673823  -4.91405093\n   16.34882663   8.92805383  -6.53059358   9.3585658   -6.07114718\n   -0.89921605  35.53382867  -6.72922529]\n [  5.56659679 -11.07769284  -3.64807231  -4.9820588   15.67292609\n    6.4507137    1.86977814  -4.91245043  11.28131914  11.42220144\n    5.91504769  -6.72922529  36.76208814]]\n"
     ]
    }
   ],
   "source": [
    "# Within-class scatter matrix\n",
    "print(S_W)"
   ]
  },
  {
   "cell_type": "code",
   "execution_count": 33,
   "metadata": {},
   "outputs": [
    {
     "output_type": "stream",
     "name": "stdout",
     "text": [
      "[[ 1.24583230e+00  5.13845419e-02 -3.29458743e-02 -8.95327553e-02\n   1.15462644e-01  2.45386077e-01  1.50110340e-01 -5.56872417e-02\n   9.90787667e-02  4.87857619e-01  2.37631203e-02 -6.97155580e-03\n   1.34211228e-01]\n [ 5.13845419e-02  2.15469734e+00  2.24341335e-01  3.54339113e-01\n  -1.96603001e-01  3.60539531e-02 -5.40272908e-03  3.40166629e-01\n   1.68397895e-01 -1.67482338e-01 -3.57550070e-01  1.77277407e-01\n  -2.54171698e-01]\n [-3.29458743e-02  2.24341335e-01  2.52503549e+00  1.45812968e+00\n   3.70291335e-01  3.36648199e-01  2.38744163e-01  4.71351788e-01\n   3.09124828e-02 -5.64161940e-02  1.28417016e-01  2.34080150e-01\n  -1.06647806e-01]\n [-8.95327553e-02  3.54339113e-01  1.45812968e+00  1.98052354e+00\n   8.13974218e-02  1.17951658e-01  1.25215529e-01  3.27635494e-01\n  -3.73250441e-02 -1.29452248e-01  6.16221030e-02  2.55451847e-01\n  -1.29087470e-01]\n [ 1.15462644e-01 -1.96603001e-01  3.70291335e-01  8.13974218e-02\n   2.70477156e+00  1.60415112e-01  1.49801537e-01 -7.36919038e-01\n   5.98468757e-01  7.61834660e-02  1.18491069e-01 -1.13417461e-01\n   3.17966412e-01]\n [ 2.45386077e-01  3.60539531e-02  3.36648199e-01  1.17951658e-01\n   1.60415112e-01  1.29761889e+00  6.15561338e-01 -1.16307709e-01\n   7.21828885e-01  3.04018445e-01  7.15299596e-03  3.61148004e-01\n   1.59978354e-01]\n [ 1.50110340e-01 -5.40272908e-03  2.38744163e-01  1.25215529e-01\n   1.49801537e-01  6.15561338e-01  6.22380329e-01 -3.45310854e-01\n   5.98214392e-01  2.60334868e-01  2.00700203e-03  1.67814584e-01\n   4.92001222e-02]\n [-5.56872417e-02  3.40166629e-01  4.71351788e-01  3.27635494e-01\n  -7.36919038e-01 -1.16307709e-01 -3.45310854e-01  2.20576093e+00\n  -1.79296038e-01 -2.85422324e-02  1.19312467e-01 -1.09606368e-01\n  -8.25348168e-02]\n [ 9.90787667e-02  1.68397895e-01  3.09124828e-02 -3.73250441e-02\n   5.98468757e-01  7.21828885e-01  5.98214392e-01 -1.79296038e-01\n   2.10729599e+00  5.06807056e-01 -1.24925852e-01  1.81378385e-01\n   2.69049164e-01]\n [ 4.87857619e-01 -1.67482338e-01 -5.64161940e-02 -1.29452248e-01\n   7.61834660e-02  3.04018445e-01  2.60334868e-01 -2.85422324e-02\n   5.06807056e-01  1.39684040e+00 -2.85939124e-01 -1.53586905e-01\n   2.92841524e-01]\n [ 2.37631203e-02 -3.57550070e-01  1.28417016e-01  6.16221030e-02\n   1.18491069e-01  7.15299596e-03  2.00700203e-03  1.19312467e-01\n  -1.24925852e-01 -2.85939124e-01  1.30413111e+00 -1.15413486e-02\n   1.31487561e-01]\n [-6.97155580e-03  1.77277407e-01  2.34080150e-01  2.55451847e-01\n  -1.13417461e-01  3.61148004e-01  1.67814584e-01 -1.09606368e-01\n   1.81378385e-01 -1.53586905e-01 -1.15413486e-02  8.28067326e-01\n  -1.63273708e-01]\n [ 1.34211228e-01 -2.54171698e-01 -1.06647806e-01 -1.29087470e-01\n   3.17966412e-01  1.59978354e-01  4.92001222e-02 -8.25348168e-02\n   2.69049164e-01  2.92841524e-01  1.31487561e-01 -1.63273708e-01\n   8.95681258e-01]]\n"
     ]
    }
   ],
   "source": [
    "d = X_train_std.shape[1]\n",
    "\n",
    "# Scaled within-class scatter matrix\n",
    "S_W = np.zeros((d, d))\n",
    "\n",
    "for label in np.unique(y):\n",
    "    S_i = np.cov(X_train_std[y_train == label], rowvar=False)\n",
    "    S_W += S_i\n",
    "print(S_W)"
   ]
  },
  {
   "cell_type": "code",
   "execution_count": 34,
   "metadata": {},
   "outputs": [
    {
     "output_type": "stream",
     "name": "stdout",
     "text": [
      "[[ 72.54898694  10.15085406  30.43493641 -36.95537717  21.49817241\n   34.66924776  31.10545402 -18.39143902  10.7602395   51.40688925\n   -7.50573953  10.23103794  72.26519802]\n [ 10.15085406  39.00694518  15.32718585  22.87506273   0.48064793\n  -39.56671878 -51.73245374  31.3464995  -32.60256622  44.47726853\n  -50.85654449 -55.76044251 -13.83461128]\n [ 30.43493641  15.32718585  16.02735306  -7.24397229   8.27440794\n    1.46362979  -3.4672309    2.2735902   -5.53040633  32.54548762\n  -17.81608831 -12.5503173   23.26415138]\n [-36.95537717  22.87506273  -7.24397229  39.75121042 -12.83663892\n  -50.8027022  -57.69290912  34.67799011 -30.93129535   1.63442966\n  -33.34032298 -47.8860156  -54.67824413]\n [ 21.49817241   0.48064793   8.27440794 -12.83663892   6.54040985\n   13.26003311  12.98847983  -7.73062353   5.48196174  12.72620954\n    1.12481807   6.87729589  23.02418448]\n [ 34.66924776 -39.56671878   1.46362979 -50.8027022   13.26003311\n   69.0573638   81.14176016 -48.8730331   45.44884096 -19.49453624\n   55.27121364  72.47496201  62.83121526]\n [ 31.10545402 -51.73245374  -3.4672309  -57.69290912  12.98847983\n   81.14176016  97.02274813 -58.4984759   55.50760673 -33.59309859\n   71.1000718   89.72506639  66.71425135]\n [-18.39143902  31.3464995    2.2735902   34.67799011  -7.73062353\n  -48.8730331  -58.4984759   35.27292537 -33.50834497  20.61530636\n  -43.04461097 -54.20600559 -39.92915118]\n [ 10.7602395  -32.60256622  -5.53040633 -30.93129535   5.48196174\n   45.44884096  55.50760673 -33.50834497  32.54741007 -26.2094518\n   44.08367397  53.41639872  32.44778424]\n [ 51.40688925  44.47726853  32.54548762   1.63442966  12.72620954\n  -19.49453624 -33.59309859  20.61530636 -26.2094518   73.41086376\n  -54.7244678  -49.48272723  27.45251006]\n [ -7.50573953 -50.85654449 -17.81608831 -33.34032298   1.12481807\n   55.27121364  71.1000718  -43.04461097  44.08367397 -54.7244678\n   66.77529544  74.72697616  24.25431791]\n [ 10.23103794 -55.76044251 -12.5503173  -47.8860156    6.87729589\n   72.47496201  89.72506639 -54.20600559  53.41639872 -49.48272723\n   74.72697616  88.46617133  46.62692825]\n [ 72.26519802 -13.83461128  23.26415138 -54.67824413  23.02418448\n   62.83121526  66.71425135 -39.92915118  32.44778424  27.45251006\n   24.25431791  46.62692825  87.23791186]]\n"
     ]
    }
   ],
   "source": [
    "d = X_train_std.shape[1] # number of features\n",
    "\n",
    "# Mean overal\n",
    "mva = np.mean(X_train_std, axis=0).reshape(d,1) # make column vector\n",
    "\n",
    "S_B = np.zeros((d, d))\n",
    "for label, mv in zip(np.unique(y), mvs):\n",
    "    n = X_train[y_train == label, :].shape[0]\n",
    "    mv = mv.reshape(d, 1)  # make column vector\n",
    "    mmm = mv - mva\n",
    "    S_B += n * mmm @ mmm.T\n",
    "print(S_B)"
   ]
  },
  {
   "cell_type": "code",
   "execution_count": 35,
   "metadata": {},
   "outputs": [],
   "source": [
    "eigen_vals, eigen_vecs = np.linalg.eig(np.linalg.inv(S_W).dot(S_B))"
   ]
  },
  {
   "cell_type": "code",
   "execution_count": 36,
   "metadata": {},
   "outputs": [
    {
     "output_type": "execute_result",
     "data": {
      "text/plain": [
       "array([-2.84217094e-14+0.00000000e+00j,  1.56436361e+02+0.00000000e+00j,\n",
       "        4.52721581e+02+0.00000000e+00j,  4.06692903e-14+0.00000000e+00j,\n",
       "        8.93640010e-15+2.80307206e-14j,  8.93640010e-15-2.80307206e-14j,\n",
       "       -2.95059953e-14+1.56519907e-14j, -2.95059953e-14-1.56519907e-14j,\n",
       "       -2.18183060e-14+0.00000000e+00j,  2.08601836e-14+0.00000000e+00j,\n",
       "        4.07252608e-15+0.00000000e+00j,  4.28948526e-18+4.93174010e-15j,\n",
       "        4.28948526e-18-4.93174010e-15j])"
      ]
     },
     "metadata": {},
     "execution_count": 36
    }
   ],
   "source": [
    "eigen_vals"
   ]
  },
  {
   "cell_type": "code",
   "execution_count": 37,
   "metadata": {},
   "outputs": [
    {
     "output_type": "stream",
     "name": "stdout",
     "text": [
      "Eigenvalues in decreasing order:\n\n452.7215812449743\n156.43636121952318\n4.066929029269564e-14\n3.340042769632176e-14\n3.340042769632176e-14\n2.9420750270010086e-14\n2.9420750270010086e-14\n2.842170943040401e-14\n2.181830602025924e-14\n2.086018357074801e-14\n4.931741968470871e-15\n4.931741968470871e-15\n4.072526084406939e-15\n"
     ]
    }
   ],
   "source": [
    "# Make a list of (eigenvalue, eigenvector) tuples\n",
    "eigen_pairs = [(np.abs(eigen_vals[i]), eigen_vecs[:, i])\n",
    "               for i in range(len(eigen_vals))]\n",
    "\n",
    "# Sort the (eigenvalue, eigenvector) tuples from high to low\n",
    "eigen_pairs = sorted(eigen_pairs, key=lambda k: k[0], reverse=True)\n",
    "\n",
    "# Visually confirm that the list is correctly sorted by decreasing eigenvalues\n",
    "\n",
    "print('Eigenvalues in decreasing order:\\n')\n",
    "for eigen_val in eigen_pairs:\n",
    "    print(eigen_val[0])"
   ]
  },
  {
   "cell_type": "code",
   "execution_count": 43,
   "metadata": {},
   "outputs": [],
   "source": [
    "aa = eigen_pairs[0][1].reshape(-1,1)"
   ]
  },
  {
   "cell_type": "code",
   "execution_count": 45,
   "metadata": {},
   "outputs": [],
   "source": [
    "aaa = np.hstack((aa,aa))"
   ]
  },
  {
   "cell_type": "code",
   "execution_count": 48,
   "metadata": {},
   "outputs": [
    {
     "output_type": "execute_result",
     "data": {
      "text/plain": [
       "array([[1.92942894e+00, 1.92942894e+00],\n",
       "       [1.57807512e-01, 1.57807512e-01],\n",
       "       [1.71629527e+00, 1.71629527e+00],\n",
       "       [1.28405614e+00, 1.28405614e+00],\n",
       "       [3.18775399e-01, 3.18775399e-01],\n",
       "       [1.27250409e+00, 1.27250409e+00],\n",
       "       [1.85236273e+00, 1.85236273e+00],\n",
       "       [1.02210223e+00, 1.02210223e+00],\n",
       "       [6.88039360e-01, 6.88039360e-01],\n",
       "       [1.48032326e+00, 1.48032326e+00],\n",
       "       [3.36464162e-01, 3.36464162e-01],\n",
       "       [6.77346281e-01, 6.77346281e-01],\n",
       "       [1.16249806e+00, 1.16249806e+00],\n",
       "       [1.29307372e-01, 1.29307372e-01],\n",
       "       [1.40601187e+00, 1.40601187e+00],\n",
       "       [8.97318514e-01, 8.97318514e-01],\n",
       "       [3.52022450e-01, 3.52022450e-01],\n",
       "       [9.30409494e-01, 9.30409494e-01],\n",
       "       [5.59207624e-01, 5.59207624e-01],\n",
       "       [1.91287339e+00, 1.91287339e+00],\n",
       "       [7.77419710e-01, 7.77419710e-01],\n",
       "       [6.46820433e-01, 6.46820433e-01],\n",
       "       [1.93700879e+00, 1.93700879e+00],\n",
       "       [2.10316686e+00, 2.10316686e+00],\n",
       "       [4.34843003e-01, 4.34843003e-01],\n",
       "       [4.02968101e-01, 4.02968101e-01],\n",
       "       [2.41216959e-02, 2.41216959e-02],\n",
       "       [1.80189396e+00, 1.80189396e+00],\n",
       "       [1.48046572e+00, 1.48046572e+00],\n",
       "       [1.37187904e+00, 1.37187904e+00],\n",
       "       [1.85321901e+00, 1.85321901e+00],\n",
       "       [1.12645732e-02, 1.12645732e-02],\n",
       "       [1.98225026e-01, 1.98225026e-01],\n",
       "       [1.80845995e-01, 1.80845995e-01],\n",
       "       [3.55499100e-01, 3.55499100e-01],\n",
       "       [1.08681641e-01, 1.08681641e-01],\n",
       "       [1.66615677e+00, 1.66615677e+00],\n",
       "       [9.19810329e-01, 9.19810329e-01],\n",
       "       [3.13517359e-01, 3.13517359e-01],\n",
       "       [2.04703802e+00, 2.04703802e+00],\n",
       "       [1.52929135e+00, 1.52929135e+00],\n",
       "       [1.25512745e+00, 1.25512745e+00],\n",
       "       [1.68323590e+00, 1.68323590e+00],\n",
       "       [1.41848330e+00, 1.41848330e+00],\n",
       "       [1.37945391e+00, 1.37945391e+00],\n",
       "       [8.42750946e-02, 8.42750946e-02],\n",
       "       [1.76956188e+00, 1.76956188e+00],\n",
       "       [4.93184132e-01, 4.93184132e-01],\n",
       "       [5.53523488e-02, 5.53523488e-02],\n",
       "       [1.69408229e+00, 1.69408229e+00],\n",
       "       [1.52913234e+00, 1.52913234e+00],\n",
       "       [1.75329239e-01, 1.75329239e-01],\n",
       "       [1.73824065e+00, 1.73824065e+00],\n",
       "       [3.19864996e-01, 3.19864996e-01],\n",
       "       [3.72907579e-01, 3.72907579e-01],\n",
       "       [1.80001444e-01, 1.80001444e-01],\n",
       "       [9.81093114e-01, 9.81093114e-01],\n",
       "       [1.46467799e+00, 1.46467799e+00],\n",
       "       [1.83242412e+00, 1.83242412e+00],\n",
       "       [2.11354656e+00, 2.11354656e+00],\n",
       "       [2.13782118e+00, 2.13782118e+00],\n",
       "       [1.85338459e+00, 1.85338459e+00],\n",
       "       [5.04437555e-01, 5.04437555e-01],\n",
       "       [1.77199661e+00, 1.77199661e+00],\n",
       "       [1.48842775e+00, 1.48842775e+00],\n",
       "       [1.33339968e+00, 1.33339968e+00],\n",
       "       [1.07864581e-02, 1.07864581e-02],\n",
       "       [1.10256714e-01, 1.10256714e-01],\n",
       "       [1.20197502e+00, 1.20197502e+00],\n",
       "       [1.51585917e+00, 1.51585917e+00],\n",
       "       [1.01266240e+00, 1.01266240e+00],\n",
       "       [1.53501673e+00, 1.53501673e+00],\n",
       "       [3.56057938e-01, 3.56057938e-01],\n",
       "       [1.72947279e+00, 1.72947279e+00],\n",
       "       [5.75171889e-01, 5.75171889e-01],\n",
       "       [1.20391355e+00, 1.20391355e+00],\n",
       "       [1.90635768e+00, 1.90635768e+00],\n",
       "       [2.17283740e-01, 2.17283740e-01],\n",
       "       [1.45101595e+00, 1.45101595e+00],\n",
       "       [1.68561996e+00, 1.68561996e+00],\n",
       "       [1.28954139e+00, 1.28954139e+00],\n",
       "       [1.18698542e+00, 1.18698542e+00],\n",
       "       [1.47346936e+00, 1.47346936e+00],\n",
       "       [1.39778586e+00, 1.39778586e+00],\n",
       "       [1.54912478e+00, 1.54912478e+00],\n",
       "       [4.01383409e-02, 4.01383409e-02],\n",
       "       [1.10565876e+00, 1.10565876e+00],\n",
       "       [1.36611537e+00, 1.36611537e+00],\n",
       "       [1.60819716e-01, 1.60819716e-01],\n",
       "       [1.54580365e+00, 1.54580365e+00],\n",
       "       [1.55960892e+00, 1.55960892e+00],\n",
       "       [3.60859409e-01, 3.60859409e-01],\n",
       "       [1.75072850e+00, 1.75072850e+00],\n",
       "       [1.26239735e+00, 1.26239735e+00],\n",
       "       [1.28922799e+00, 1.28922799e+00],\n",
       "       [1.55244167e+00, 1.55244167e+00],\n",
       "       [1.68340262e+00, 1.68340262e+00],\n",
       "       [1.16897942e+00, 1.16897942e+00],\n",
       "       [5.42535732e-01, 5.42535732e-01],\n",
       "       [1.52995793e-01, 1.52995793e-01],\n",
       "       [2.16909648e-01, 2.16909648e-01],\n",
       "       [1.10319992e-01, 1.10319992e-01],\n",
       "       [1.83645893e+00, 1.83645893e+00],\n",
       "       [2.06481247e+00, 2.06481247e+00],\n",
       "       [2.02103179e-01, 2.02103179e-01],\n",
       "       [3.28230401e-01, 3.28230401e-01],\n",
       "       [8.19277249e-01, 8.19277249e-01],\n",
       "       [7.90352070e-01, 7.90352070e-01],\n",
       "       [1.67394349e+00, 1.67394349e+00],\n",
       "       [1.80722049e+00, 1.80722049e+00],\n",
       "       [1.25824731e+00, 1.25824731e+00],\n",
       "       [1.54046393e+00, 1.54046393e+00],\n",
       "       [1.05616125e+00, 1.05616125e+00],\n",
       "       [1.68564320e-03, 1.68564320e-03],\n",
       "       [5.08522103e-01, 5.08522103e-01],\n",
       "       [6.63841842e-02, 6.63841842e-02],\n",
       "       [1.05740439e+00, 1.05740439e+00],\n",
       "       [7.51730898e-01, 7.51730898e-01],\n",
       "       [1.47141113e+00, 1.47141113e+00],\n",
       "       [6.50450501e-01, 6.50450501e-01],\n",
       "       [3.33853273e-01, 3.33853273e-01],\n",
       "       [1.71555628e-02, 1.71555628e-02],\n",
       "       [1.42744148e+00, 1.42744148e+00],\n",
       "       [1.63555254e+00, 1.63555254e+00]])"
      ]
     },
     "metadata": {},
     "execution_count": 48
    }
   ],
   "source": [
    "np.abs(X_train_std.dot(aaa))"
   ]
  },
  {
   "cell_type": "code",
   "execution_count": null,
   "metadata": {},
   "outputs": [],
   "source": []
  }
 ]
}