{
 "metadata": {
  "language_info": {
   "codemirror_mode": {
    "name": "ipython",
    "version": 3
   },
   "file_extension": ".py",
   "mimetype": "text/x-python",
   "name": "python",
   "nbconvert_exporter": "python",
   "pygments_lexer": "ipython3",
   "version": "3.8.5-final"
  },
  "orig_nbformat": 2,
  "kernelspec": {
   "name": "python3",
   "display_name": "Python 3",
   "language": "python"
  }
 },
 "nbformat": 4,
 "nbformat_minor": 2,
 "cells": [
  {
   "source": [
    "# Linear discriminant analysis\n",
    "Supervised data compression"
   ],
   "cell_type": "markdown",
   "metadata": {}
  },
  {
   "cell_type": "code",
   "execution_count": 1,
   "metadata": {},
   "outputs": [],
   "source": [
    "import pandas as pd\n",
    "import numpy as np\n",
    "from sklearn.model_selection import train_test_split\n",
    "from sklearn.preprocessing import StandardScaler\n",
    "from sklearn.datasets import load_wine\n",
    "import matplotlib.pyplot as plt\n",
    "import pandas as pd\n",
    "\n",
    "#Load data\n",
    "dataObj = load_wine()\n",
    "X = dataObj.data\n",
    "y = dataObj.target\n",
    "\n",
    "# Create DataFrame with features\n",
    "df = pd.DataFrame(X)\n",
    "df.columns = dataObj.feature_names\n",
    "\n",
    "# Add class column\n",
    "df.insert(loc=0, column=\"Class\", value=y)\n",
    "\n",
    "# Split data\n",
    "X_train, X_test, y_train, y_test = train_test_split(X, y, test_size=0.3, random_state=0)\n",
    "\n",
    "# Standize\n",
    "sc = StandardScaler()\n",
    "X_train_std = sc.fit_transform(X_train)\n",
    "X_test_std = sc.transform(X_test)"
   ]
  },
  {
   "source": [
    "## Method 1: Using NumPy"
   ],
   "cell_type": "markdown",
   "metadata": {}
  },
  {
   "source": [
    "### Calculate the mean vectors for each class"
   ],
   "cell_type": "markdown",
   "metadata": {}
  },
  {
   "cell_type": "code",
   "execution_count": 2,
   "metadata": {},
   "outputs": [
    {
     "output_type": "display_data",
     "data": {
      "text/plain": "             0         1         2         3         4         5         6   \\\nLabel                                                                         \n0      0.925866 -0.309124  0.259227 -0.798940  0.303854  0.960837  1.051521   \n1     -0.872738 -0.385444 -0.443670  0.248071 -0.240909 -0.105868  0.018743   \n2      0.163701  0.892906  0.324879  0.565776 -0.009990 -0.949885 -1.227979   \n\n             7         8         9         10        11        12  \nLabel                                                              \n0     -0.630583  0.535392  0.220910  0.485495  0.798046  1.201712  \n1     -0.016401  0.109521 -0.879623  0.439236  0.277613 -0.701560  \n2      0.743627 -0.765205  0.979004 -1.169782 -1.300711 -0.391201  ",
      "text/html": "<div>\n<style scoped>\n    .dataframe tbody tr th:only-of-type {\n        vertical-align: middle;\n    }\n\n    .dataframe tbody tr th {\n        vertical-align: top;\n    }\n\n    .dataframe thead th {\n        text-align: right;\n    }\n</style>\n<table border=\"1\" class=\"dataframe\">\n  <thead>\n    <tr style=\"text-align: right;\">\n      <th></th>\n      <th>0</th>\n      <th>1</th>\n      <th>2</th>\n      <th>3</th>\n      <th>4</th>\n      <th>5</th>\n      <th>6</th>\n      <th>7</th>\n      <th>8</th>\n      <th>9</th>\n      <th>10</th>\n      <th>11</th>\n      <th>12</th>\n    </tr>\n    <tr>\n      <th>Label</th>\n      <th></th>\n      <th></th>\n      <th></th>\n      <th></th>\n      <th></th>\n      <th></th>\n      <th></th>\n      <th></th>\n      <th></th>\n      <th></th>\n      <th></th>\n      <th></th>\n      <th></th>\n    </tr>\n  </thead>\n  <tbody>\n    <tr>\n      <th>0</th>\n      <td>0.925866</td>\n      <td>-0.309124</td>\n      <td>0.259227</td>\n      <td>-0.798940</td>\n      <td>0.303854</td>\n      <td>0.960837</td>\n      <td>1.051521</td>\n      <td>-0.630583</td>\n      <td>0.535392</td>\n      <td>0.220910</td>\n      <td>0.485495</td>\n      <td>0.798046</td>\n      <td>1.201712</td>\n    </tr>\n    <tr>\n      <th>1</th>\n      <td>-0.872738</td>\n      <td>-0.385444</td>\n      <td>-0.443670</td>\n      <td>0.248071</td>\n      <td>-0.240909</td>\n      <td>-0.105868</td>\n      <td>0.018743</td>\n      <td>-0.016401</td>\n      <td>0.109521</td>\n      <td>-0.879623</td>\n      <td>0.439236</td>\n      <td>0.277613</td>\n      <td>-0.701560</td>\n    </tr>\n    <tr>\n      <th>2</th>\n      <td>0.163701</td>\n      <td>0.892906</td>\n      <td>0.324879</td>\n      <td>0.565776</td>\n      <td>-0.009990</td>\n      <td>-0.949885</td>\n      <td>-1.227979</td>\n      <td>0.743627</td>\n      <td>-0.765205</td>\n      <td>0.979004</td>\n      <td>-1.169782</td>\n      <td>-1.300711</td>\n      <td>-0.391201</td>\n    </tr>\n  </tbody>\n</table>\n</div>"
     },
     "metadata": {}
    }
   ],
   "source": [
    "mvs = []\n",
    "\n",
    "for label in np.unique(y):\n",
    "    mv = np.mean(X_train_std[y_train == label, :], axis=0)\n",
    "    mvs.append(mv)\n",
    "    #mv_print = \", \".join(f\"{i:5.2f}\" for i in mv)\n",
    "    #print(f\"Label={label}, MV:{mv_print}\")\n",
    "\n",
    "df = pd.DataFrame(mvs)\n",
    "df.index.name = 'Label'\n",
    "display(df)"
   ]
  },
  {
   "source": [
    "### Compute the within-class scatter matrix\n",
    "Not used because classes are not equally distributed:"
   ],
   "cell_type": "markdown",
   "metadata": {}
  },
  {
   "cell_type": "code",
   "execution_count": 3,
   "metadata": {},
   "outputs": [],
   "source": [
    "d = X_train_std.shape[1]\n",
    "\n",
    "# Within-class scatter matrix\n",
    "S_W_temp = np.zeros((d, d))\n",
    "\n",
    "for label, mv in zip(np.unique(y), mvs):\n",
    "    # Individual scatter matrix for each class\n",
    "    S_i = np.zeros((d, d))\n",
    "    for row in X_train_std[y_train == label]:\n",
    "        row = row.reshape(d,1)\n",
    "        mv = mv.reshape(d,1)\n",
    "        rmmv = row - mv\n",
    "        # Outer product\n",
    "        S_i +=  rmmv @ rmmv.T\n",
    "    S_W_temp += S_i"
   ]
  },
  {
   "cell_type": "code",
   "execution_count": 4,
   "metadata": {},
   "outputs": [
    {
     "output_type": "display_data",
     "data": {
      "text/plain": "           0          1           2          3           4          5   \\\n0   51.451013   0.670318   -2.062585  -3.472385    4.843889   9.090169   \n1    0.670318  84.993055    9.474731  14.834453   -7.898675   2.513901   \n2   -2.062585   9.474731  107.972647  62.559497   14.260931  13.586075   \n3   -3.472385  14.834453   62.559497  84.248790    1.851511   5.270018   \n4    4.843889  -7.898675   14.260931   1.851511  117.459590   7.051320   \n5    9.090169   2.513901   13.586075   5.270018    7.051320  54.942636   \n6    5.686871   1.030424   11.007446   6.273419    4.795725  27.245792   \n7   -2.412466  13.691910   20.672912  14.782903  -30.108559  -6.965156   \n8    1.108122   8.998687    2.322770  -0.760475   28.009240  30.771873   \n9   18.656704  -6.655785   -2.342400  -5.435407    2.780081  10.964423   \n10   1.624442 -16.784608    4.374623   2.205011    6.000078   0.962913   \n11  -1.124742   7.356546   10.311715  12.296738   -4.914051  16.348827   \n12   5.566597 -11.077693   -3.648072  -4.982059   15.672926   6.450714   \n\n           6          7          8          9          10         11  \\\n0    5.686871  -2.412466   1.108122  18.656704   1.624442  -1.124742   \n1    1.030424  13.691910   8.998687  -6.655785 -16.784608   7.356546   \n2   11.007446  20.672912   2.322770  -2.342400   4.374623  10.311715   \n3    6.273419  14.782903  -0.760475  -5.435407   2.205011  12.296738   \n4    4.795725 -30.108559  28.009240   2.780081   6.000078  -4.914051   \n5   27.245792  -6.965156  30.771873  10.964423   0.962913  16.348827   \n6   26.977252 -13.247365  26.409159   9.997179   0.648127   8.928054   \n7  -13.247365  88.727075 -10.026303  -1.610215   3.952455  -6.530594   \n8   26.409159 -10.026303  91.452590  17.577228  -4.376609   9.358566   \n9    9.997179  -1.610215  17.577228  50.589136  -9.721823  -6.071147   \n10   0.648127   3.952455  -4.376609  -9.721823  57.224705  -0.899216   \n11   8.928054  -6.530594   9.358566  -6.071147  -0.899216  35.533829   \n12   1.869778  -4.912450  11.281319  11.422201   5.915048  -6.729225   \n\n           12  \n0    5.566597  \n1  -11.077693  \n2   -3.648072  \n3   -4.982059  \n4   15.672926  \n5    6.450714  \n6    1.869778  \n7   -4.912450  \n8   11.281319  \n9   11.422201  \n10   5.915048  \n11  -6.729225  \n12  36.762088  ",
      "text/html": "<div>\n<style scoped>\n    .dataframe tbody tr th:only-of-type {\n        vertical-align: middle;\n    }\n\n    .dataframe tbody tr th {\n        vertical-align: top;\n    }\n\n    .dataframe thead th {\n        text-align: right;\n    }\n</style>\n<table border=\"1\" class=\"dataframe\">\n  <thead>\n    <tr style=\"text-align: right;\">\n      <th></th>\n      <th>0</th>\n      <th>1</th>\n      <th>2</th>\n      <th>3</th>\n      <th>4</th>\n      <th>5</th>\n      <th>6</th>\n      <th>7</th>\n      <th>8</th>\n      <th>9</th>\n      <th>10</th>\n      <th>11</th>\n      <th>12</th>\n    </tr>\n  </thead>\n  <tbody>\n    <tr>\n      <th>0</th>\n      <td>51.451013</td>\n      <td>0.670318</td>\n      <td>-2.062585</td>\n      <td>-3.472385</td>\n      <td>4.843889</td>\n      <td>9.090169</td>\n      <td>5.686871</td>\n      <td>-2.412466</td>\n      <td>1.108122</td>\n      <td>18.656704</td>\n      <td>1.624442</td>\n      <td>-1.124742</td>\n      <td>5.566597</td>\n    </tr>\n    <tr>\n      <th>1</th>\n      <td>0.670318</td>\n      <td>84.993055</td>\n      <td>9.474731</td>\n      <td>14.834453</td>\n      <td>-7.898675</td>\n      <td>2.513901</td>\n      <td>1.030424</td>\n      <td>13.691910</td>\n      <td>8.998687</td>\n      <td>-6.655785</td>\n      <td>-16.784608</td>\n      <td>7.356546</td>\n      <td>-11.077693</td>\n    </tr>\n    <tr>\n      <th>2</th>\n      <td>-2.062585</td>\n      <td>9.474731</td>\n      <td>107.972647</td>\n      <td>62.559497</td>\n      <td>14.260931</td>\n      <td>13.586075</td>\n      <td>11.007446</td>\n      <td>20.672912</td>\n      <td>2.322770</td>\n      <td>-2.342400</td>\n      <td>4.374623</td>\n      <td>10.311715</td>\n      <td>-3.648072</td>\n    </tr>\n    <tr>\n      <th>3</th>\n      <td>-3.472385</td>\n      <td>14.834453</td>\n      <td>62.559497</td>\n      <td>84.248790</td>\n      <td>1.851511</td>\n      <td>5.270018</td>\n      <td>6.273419</td>\n      <td>14.782903</td>\n      <td>-0.760475</td>\n      <td>-5.435407</td>\n      <td>2.205011</td>\n      <td>12.296738</td>\n      <td>-4.982059</td>\n    </tr>\n    <tr>\n      <th>4</th>\n      <td>4.843889</td>\n      <td>-7.898675</td>\n      <td>14.260931</td>\n      <td>1.851511</td>\n      <td>117.459590</td>\n      <td>7.051320</td>\n      <td>4.795725</td>\n      <td>-30.108559</td>\n      <td>28.009240</td>\n      <td>2.780081</td>\n      <td>6.000078</td>\n      <td>-4.914051</td>\n      <td>15.672926</td>\n    </tr>\n    <tr>\n      <th>5</th>\n      <td>9.090169</td>\n      <td>2.513901</td>\n      <td>13.586075</td>\n      <td>5.270018</td>\n      <td>7.051320</td>\n      <td>54.942636</td>\n      <td>27.245792</td>\n      <td>-6.965156</td>\n      <td>30.771873</td>\n      <td>10.964423</td>\n      <td>0.962913</td>\n      <td>16.348827</td>\n      <td>6.450714</td>\n    </tr>\n    <tr>\n      <th>6</th>\n      <td>5.686871</td>\n      <td>1.030424</td>\n      <td>11.007446</td>\n      <td>6.273419</td>\n      <td>4.795725</td>\n      <td>27.245792</td>\n      <td>26.977252</td>\n      <td>-13.247365</td>\n      <td>26.409159</td>\n      <td>9.997179</td>\n      <td>0.648127</td>\n      <td>8.928054</td>\n      <td>1.869778</td>\n    </tr>\n    <tr>\n      <th>7</th>\n      <td>-2.412466</td>\n      <td>13.691910</td>\n      <td>20.672912</td>\n      <td>14.782903</td>\n      <td>-30.108559</td>\n      <td>-6.965156</td>\n      <td>-13.247365</td>\n      <td>88.727075</td>\n      <td>-10.026303</td>\n      <td>-1.610215</td>\n      <td>3.952455</td>\n      <td>-6.530594</td>\n      <td>-4.912450</td>\n    </tr>\n    <tr>\n      <th>8</th>\n      <td>1.108122</td>\n      <td>8.998687</td>\n      <td>2.322770</td>\n      <td>-0.760475</td>\n      <td>28.009240</td>\n      <td>30.771873</td>\n      <td>26.409159</td>\n      <td>-10.026303</td>\n      <td>91.452590</td>\n      <td>17.577228</td>\n      <td>-4.376609</td>\n      <td>9.358566</td>\n      <td>11.281319</td>\n    </tr>\n    <tr>\n      <th>9</th>\n      <td>18.656704</td>\n      <td>-6.655785</td>\n      <td>-2.342400</td>\n      <td>-5.435407</td>\n      <td>2.780081</td>\n      <td>10.964423</td>\n      <td>9.997179</td>\n      <td>-1.610215</td>\n      <td>17.577228</td>\n      <td>50.589136</td>\n      <td>-9.721823</td>\n      <td>-6.071147</td>\n      <td>11.422201</td>\n    </tr>\n    <tr>\n      <th>10</th>\n      <td>1.624442</td>\n      <td>-16.784608</td>\n      <td>4.374623</td>\n      <td>2.205011</td>\n      <td>6.000078</td>\n      <td>0.962913</td>\n      <td>0.648127</td>\n      <td>3.952455</td>\n      <td>-4.376609</td>\n      <td>-9.721823</td>\n      <td>57.224705</td>\n      <td>-0.899216</td>\n      <td>5.915048</td>\n    </tr>\n    <tr>\n      <th>11</th>\n      <td>-1.124742</td>\n      <td>7.356546</td>\n      <td>10.311715</td>\n      <td>12.296738</td>\n      <td>-4.914051</td>\n      <td>16.348827</td>\n      <td>8.928054</td>\n      <td>-6.530594</td>\n      <td>9.358566</td>\n      <td>-6.071147</td>\n      <td>-0.899216</td>\n      <td>35.533829</td>\n      <td>-6.729225</td>\n    </tr>\n    <tr>\n      <th>12</th>\n      <td>5.566597</td>\n      <td>-11.077693</td>\n      <td>-3.648072</td>\n      <td>-4.982059</td>\n      <td>15.672926</td>\n      <td>6.450714</td>\n      <td>1.869778</td>\n      <td>-4.912450</td>\n      <td>11.281319</td>\n      <td>11.422201</td>\n      <td>5.915048</td>\n      <td>-6.729225</td>\n      <td>36.762088</td>\n    </tr>\n  </tbody>\n</table>\n</div>"
     },
     "metadata": {}
    }
   ],
   "source": [
    "df = pd.DataFrame(S_W_temp)\n",
    "display(df)"
   ]
  },
  {
   "source": [
    "### Compute the \"scaled\" within-class scatter matrix\n",
    "This is essentially covariance matrix\n"
   ],
   "cell_type": "markdown",
   "metadata": {}
  },
  {
   "cell_type": "code",
   "execution_count": 5,
   "metadata": {},
   "outputs": [
    {
     "output_type": "display_data",
     "data": {
      "text/plain": "          0         1         2         3         4         5         6   \\\n0   1.245832  0.051385 -0.032946 -0.089533  0.115463  0.245386  0.150110   \n1   0.051385  2.154697  0.224341  0.354339 -0.196603  0.036054 -0.005403   \n2  -0.032946  0.224341  2.525035  1.458130  0.370291  0.336648  0.238744   \n3  -0.089533  0.354339  1.458130  1.980524  0.081397  0.117952  0.125216   \n4   0.115463 -0.196603  0.370291  0.081397  2.704772  0.160415  0.149802   \n5   0.245386  0.036054  0.336648  0.117952  0.160415  1.297619  0.615561   \n6   0.150110 -0.005403  0.238744  0.125216  0.149802  0.615561  0.622380   \n7  -0.055687  0.340167  0.471352  0.327635 -0.736919 -0.116308 -0.345311   \n8   0.099079  0.168398  0.030912 -0.037325  0.598469  0.721829  0.598214   \n9   0.487858 -0.167482 -0.056416 -0.129452  0.076183  0.304018  0.260335   \n10  0.023763 -0.357550  0.128417  0.061622  0.118491  0.007153  0.002007   \n11 -0.006972  0.177277  0.234080  0.255452 -0.113417  0.361148  0.167815   \n12  0.134211 -0.254172 -0.106648 -0.129087  0.317966  0.159978  0.049200   \n\n          7         8         9         10        11        12  \n0  -0.055687  0.099079  0.487858  0.023763 -0.006972  0.134211  \n1   0.340167  0.168398 -0.167482 -0.357550  0.177277 -0.254172  \n2   0.471352  0.030912 -0.056416  0.128417  0.234080 -0.106648  \n3   0.327635 -0.037325 -0.129452  0.061622  0.255452 -0.129087  \n4  -0.736919  0.598469  0.076183  0.118491 -0.113417  0.317966  \n5  -0.116308  0.721829  0.304018  0.007153  0.361148  0.159978  \n6  -0.345311  0.598214  0.260335  0.002007  0.167815  0.049200  \n7   2.205761 -0.179296 -0.028542  0.119312 -0.109606 -0.082535  \n8  -0.179296  2.107296  0.506807 -0.124926  0.181378  0.269049  \n9  -0.028542  0.506807  1.396840 -0.285939 -0.153587  0.292842  \n10  0.119312 -0.124926 -0.285939  1.304131 -0.011541  0.131488  \n11 -0.109606  0.181378 -0.153587 -0.011541  0.828067 -0.163274  \n12 -0.082535  0.269049  0.292842  0.131488 -0.163274  0.895681  ",
      "text/html": "<div>\n<style scoped>\n    .dataframe tbody tr th:only-of-type {\n        vertical-align: middle;\n    }\n\n    .dataframe tbody tr th {\n        vertical-align: top;\n    }\n\n    .dataframe thead th {\n        text-align: right;\n    }\n</style>\n<table border=\"1\" class=\"dataframe\">\n  <thead>\n    <tr style=\"text-align: right;\">\n      <th></th>\n      <th>0</th>\n      <th>1</th>\n      <th>2</th>\n      <th>3</th>\n      <th>4</th>\n      <th>5</th>\n      <th>6</th>\n      <th>7</th>\n      <th>8</th>\n      <th>9</th>\n      <th>10</th>\n      <th>11</th>\n      <th>12</th>\n    </tr>\n  </thead>\n  <tbody>\n    <tr>\n      <th>0</th>\n      <td>1.245832</td>\n      <td>0.051385</td>\n      <td>-0.032946</td>\n      <td>-0.089533</td>\n      <td>0.115463</td>\n      <td>0.245386</td>\n      <td>0.150110</td>\n      <td>-0.055687</td>\n      <td>0.099079</td>\n      <td>0.487858</td>\n      <td>0.023763</td>\n      <td>-0.006972</td>\n      <td>0.134211</td>\n    </tr>\n    <tr>\n      <th>1</th>\n      <td>0.051385</td>\n      <td>2.154697</td>\n      <td>0.224341</td>\n      <td>0.354339</td>\n      <td>-0.196603</td>\n      <td>0.036054</td>\n      <td>-0.005403</td>\n      <td>0.340167</td>\n      <td>0.168398</td>\n      <td>-0.167482</td>\n      <td>-0.357550</td>\n      <td>0.177277</td>\n      <td>-0.254172</td>\n    </tr>\n    <tr>\n      <th>2</th>\n      <td>-0.032946</td>\n      <td>0.224341</td>\n      <td>2.525035</td>\n      <td>1.458130</td>\n      <td>0.370291</td>\n      <td>0.336648</td>\n      <td>0.238744</td>\n      <td>0.471352</td>\n      <td>0.030912</td>\n      <td>-0.056416</td>\n      <td>0.128417</td>\n      <td>0.234080</td>\n      <td>-0.106648</td>\n    </tr>\n    <tr>\n      <th>3</th>\n      <td>-0.089533</td>\n      <td>0.354339</td>\n      <td>1.458130</td>\n      <td>1.980524</td>\n      <td>0.081397</td>\n      <td>0.117952</td>\n      <td>0.125216</td>\n      <td>0.327635</td>\n      <td>-0.037325</td>\n      <td>-0.129452</td>\n      <td>0.061622</td>\n      <td>0.255452</td>\n      <td>-0.129087</td>\n    </tr>\n    <tr>\n      <th>4</th>\n      <td>0.115463</td>\n      <td>-0.196603</td>\n      <td>0.370291</td>\n      <td>0.081397</td>\n      <td>2.704772</td>\n      <td>0.160415</td>\n      <td>0.149802</td>\n      <td>-0.736919</td>\n      <td>0.598469</td>\n      <td>0.076183</td>\n      <td>0.118491</td>\n      <td>-0.113417</td>\n      <td>0.317966</td>\n    </tr>\n    <tr>\n      <th>5</th>\n      <td>0.245386</td>\n      <td>0.036054</td>\n      <td>0.336648</td>\n      <td>0.117952</td>\n      <td>0.160415</td>\n      <td>1.297619</td>\n      <td>0.615561</td>\n      <td>-0.116308</td>\n      <td>0.721829</td>\n      <td>0.304018</td>\n      <td>0.007153</td>\n      <td>0.361148</td>\n      <td>0.159978</td>\n    </tr>\n    <tr>\n      <th>6</th>\n      <td>0.150110</td>\n      <td>-0.005403</td>\n      <td>0.238744</td>\n      <td>0.125216</td>\n      <td>0.149802</td>\n      <td>0.615561</td>\n      <td>0.622380</td>\n      <td>-0.345311</td>\n      <td>0.598214</td>\n      <td>0.260335</td>\n      <td>0.002007</td>\n      <td>0.167815</td>\n      <td>0.049200</td>\n    </tr>\n    <tr>\n      <th>7</th>\n      <td>-0.055687</td>\n      <td>0.340167</td>\n      <td>0.471352</td>\n      <td>0.327635</td>\n      <td>-0.736919</td>\n      <td>-0.116308</td>\n      <td>-0.345311</td>\n      <td>2.205761</td>\n      <td>-0.179296</td>\n      <td>-0.028542</td>\n      <td>0.119312</td>\n      <td>-0.109606</td>\n      <td>-0.082535</td>\n    </tr>\n    <tr>\n      <th>8</th>\n      <td>0.099079</td>\n      <td>0.168398</td>\n      <td>0.030912</td>\n      <td>-0.037325</td>\n      <td>0.598469</td>\n      <td>0.721829</td>\n      <td>0.598214</td>\n      <td>-0.179296</td>\n      <td>2.107296</td>\n      <td>0.506807</td>\n      <td>-0.124926</td>\n      <td>0.181378</td>\n      <td>0.269049</td>\n    </tr>\n    <tr>\n      <th>9</th>\n      <td>0.487858</td>\n      <td>-0.167482</td>\n      <td>-0.056416</td>\n      <td>-0.129452</td>\n      <td>0.076183</td>\n      <td>0.304018</td>\n      <td>0.260335</td>\n      <td>-0.028542</td>\n      <td>0.506807</td>\n      <td>1.396840</td>\n      <td>-0.285939</td>\n      <td>-0.153587</td>\n      <td>0.292842</td>\n    </tr>\n    <tr>\n      <th>10</th>\n      <td>0.023763</td>\n      <td>-0.357550</td>\n      <td>0.128417</td>\n      <td>0.061622</td>\n      <td>0.118491</td>\n      <td>0.007153</td>\n      <td>0.002007</td>\n      <td>0.119312</td>\n      <td>-0.124926</td>\n      <td>-0.285939</td>\n      <td>1.304131</td>\n      <td>-0.011541</td>\n      <td>0.131488</td>\n    </tr>\n    <tr>\n      <th>11</th>\n      <td>-0.006972</td>\n      <td>0.177277</td>\n      <td>0.234080</td>\n      <td>0.255452</td>\n      <td>-0.113417</td>\n      <td>0.361148</td>\n      <td>0.167815</td>\n      <td>-0.109606</td>\n      <td>0.181378</td>\n      <td>-0.153587</td>\n      <td>-0.011541</td>\n      <td>0.828067</td>\n      <td>-0.163274</td>\n    </tr>\n    <tr>\n      <th>12</th>\n      <td>0.134211</td>\n      <td>-0.254172</td>\n      <td>-0.106648</td>\n      <td>-0.129087</td>\n      <td>0.317966</td>\n      <td>0.159978</td>\n      <td>0.049200</td>\n      <td>-0.082535</td>\n      <td>0.269049</td>\n      <td>0.292842</td>\n      <td>0.131488</td>\n      <td>-0.163274</td>\n      <td>0.895681</td>\n    </tr>\n  </tbody>\n</table>\n</div>"
     },
     "metadata": {}
    }
   ],
   "source": [
    "d = X_train_std.shape[1]\n",
    "\n",
    "# Scaled within-class scatter matrix\n",
    "S_W = np.zeros((d, d))\n",
    "\n",
    "for label in np.unique(y):\n",
    "    S_i = np.cov(X_train_std[y_train == label], rowvar=False)\n",
    "    S_W += S_i\n",
    "\n",
    "df = pd.DataFrame(S_W)\n",
    "display(df)"
   ]
  },
  {
   "source": [
    "### Compute the between-class scatter matrix"
   ],
   "cell_type": "markdown",
   "metadata": {}
  },
  {
   "cell_type": "code",
   "execution_count": 6,
   "metadata": {},
   "outputs": [
    {
     "output_type": "display_data",
     "data": {
      "text/plain": "           0          1          2          3          4          5   \\\n0   72.548987  10.150854  30.434936 -36.955377  21.498172  34.669248   \n1   10.150854  39.006945  15.327186  22.875063   0.480648 -39.566719   \n2   30.434936  15.327186  16.027353  -7.243972   8.274408   1.463630   \n3  -36.955377  22.875063  -7.243972  39.751210 -12.836639 -50.802702   \n4   21.498172   0.480648   8.274408 -12.836639   6.540410  13.260033   \n5   34.669248 -39.566719   1.463630 -50.802702  13.260033  69.057364   \n6   31.105454 -51.732454  -3.467231 -57.692909  12.988480  81.141760   \n7  -18.391439  31.346500   2.273590  34.677990  -7.730624 -48.873033   \n8   10.760239 -32.602566  -5.530406 -30.931295   5.481962  45.448841   \n9   51.406889  44.477269  32.545488   1.634430  12.726210 -19.494536   \n10  -7.505740 -50.856544 -17.816088 -33.340323   1.124818  55.271214   \n11  10.231038 -55.760443 -12.550317 -47.886016   6.877296  72.474962   \n12  72.265198 -13.834611  23.264151 -54.678244  23.024184  62.831215   \n\n           6          7          8          9          10         11  \\\n0   31.105454 -18.391439  10.760239  51.406889  -7.505740  10.231038   \n1  -51.732454  31.346500 -32.602566  44.477269 -50.856544 -55.760443   \n2   -3.467231   2.273590  -5.530406  32.545488 -17.816088 -12.550317   \n3  -57.692909  34.677990 -30.931295   1.634430 -33.340323 -47.886016   \n4   12.988480  -7.730624   5.481962  12.726210   1.124818   6.877296   \n5   81.141760 -48.873033  45.448841 -19.494536  55.271214  72.474962   \n6   97.022748 -58.498476  55.507607 -33.593099  71.100072  89.725066   \n7  -58.498476  35.272925 -33.508345  20.615306 -43.044611 -54.206006   \n8   55.507607 -33.508345  32.547410 -26.209452  44.083674  53.416399   \n9  -33.593099  20.615306 -26.209452  73.410864 -54.724468 -49.482727   \n10  71.100072 -43.044611  44.083674 -54.724468  66.775295  74.726976   \n11  89.725066 -54.206006  53.416399 -49.482727  74.726976  88.466171   \n12  66.714251 -39.929151  32.447784  27.452510  24.254318  46.626928   \n\n           12  \n0   72.265198  \n1  -13.834611  \n2   23.264151  \n3  -54.678244  \n4   23.024184  \n5   62.831215  \n6   66.714251  \n7  -39.929151  \n8   32.447784  \n9   27.452510  \n10  24.254318  \n11  46.626928  \n12  87.237912  ",
      "text/html": "<div>\n<style scoped>\n    .dataframe tbody tr th:only-of-type {\n        vertical-align: middle;\n    }\n\n    .dataframe tbody tr th {\n        vertical-align: top;\n    }\n\n    .dataframe thead th {\n        text-align: right;\n    }\n</style>\n<table border=\"1\" class=\"dataframe\">\n  <thead>\n    <tr style=\"text-align: right;\">\n      <th></th>\n      <th>0</th>\n      <th>1</th>\n      <th>2</th>\n      <th>3</th>\n      <th>4</th>\n      <th>5</th>\n      <th>6</th>\n      <th>7</th>\n      <th>8</th>\n      <th>9</th>\n      <th>10</th>\n      <th>11</th>\n      <th>12</th>\n    </tr>\n  </thead>\n  <tbody>\n    <tr>\n      <th>0</th>\n      <td>72.548987</td>\n      <td>10.150854</td>\n      <td>30.434936</td>\n      <td>-36.955377</td>\n      <td>21.498172</td>\n      <td>34.669248</td>\n      <td>31.105454</td>\n      <td>-18.391439</td>\n      <td>10.760239</td>\n      <td>51.406889</td>\n      <td>-7.505740</td>\n      <td>10.231038</td>\n      <td>72.265198</td>\n    </tr>\n    <tr>\n      <th>1</th>\n      <td>10.150854</td>\n      <td>39.006945</td>\n      <td>15.327186</td>\n      <td>22.875063</td>\n      <td>0.480648</td>\n      <td>-39.566719</td>\n      <td>-51.732454</td>\n      <td>31.346500</td>\n      <td>-32.602566</td>\n      <td>44.477269</td>\n      <td>-50.856544</td>\n      <td>-55.760443</td>\n      <td>-13.834611</td>\n    </tr>\n    <tr>\n      <th>2</th>\n      <td>30.434936</td>\n      <td>15.327186</td>\n      <td>16.027353</td>\n      <td>-7.243972</td>\n      <td>8.274408</td>\n      <td>1.463630</td>\n      <td>-3.467231</td>\n      <td>2.273590</td>\n      <td>-5.530406</td>\n      <td>32.545488</td>\n      <td>-17.816088</td>\n      <td>-12.550317</td>\n      <td>23.264151</td>\n    </tr>\n    <tr>\n      <th>3</th>\n      <td>-36.955377</td>\n      <td>22.875063</td>\n      <td>-7.243972</td>\n      <td>39.751210</td>\n      <td>-12.836639</td>\n      <td>-50.802702</td>\n      <td>-57.692909</td>\n      <td>34.677990</td>\n      <td>-30.931295</td>\n      <td>1.634430</td>\n      <td>-33.340323</td>\n      <td>-47.886016</td>\n      <td>-54.678244</td>\n    </tr>\n    <tr>\n      <th>4</th>\n      <td>21.498172</td>\n      <td>0.480648</td>\n      <td>8.274408</td>\n      <td>-12.836639</td>\n      <td>6.540410</td>\n      <td>13.260033</td>\n      <td>12.988480</td>\n      <td>-7.730624</td>\n      <td>5.481962</td>\n      <td>12.726210</td>\n      <td>1.124818</td>\n      <td>6.877296</td>\n      <td>23.024184</td>\n    </tr>\n    <tr>\n      <th>5</th>\n      <td>34.669248</td>\n      <td>-39.566719</td>\n      <td>1.463630</td>\n      <td>-50.802702</td>\n      <td>13.260033</td>\n      <td>69.057364</td>\n      <td>81.141760</td>\n      <td>-48.873033</td>\n      <td>45.448841</td>\n      <td>-19.494536</td>\n      <td>55.271214</td>\n      <td>72.474962</td>\n      <td>62.831215</td>\n    </tr>\n    <tr>\n      <th>6</th>\n      <td>31.105454</td>\n      <td>-51.732454</td>\n      <td>-3.467231</td>\n      <td>-57.692909</td>\n      <td>12.988480</td>\n      <td>81.141760</td>\n      <td>97.022748</td>\n      <td>-58.498476</td>\n      <td>55.507607</td>\n      <td>-33.593099</td>\n      <td>71.100072</td>\n      <td>89.725066</td>\n      <td>66.714251</td>\n    </tr>\n    <tr>\n      <th>7</th>\n      <td>-18.391439</td>\n      <td>31.346500</td>\n      <td>2.273590</td>\n      <td>34.677990</td>\n      <td>-7.730624</td>\n      <td>-48.873033</td>\n      <td>-58.498476</td>\n      <td>35.272925</td>\n      <td>-33.508345</td>\n      <td>20.615306</td>\n      <td>-43.044611</td>\n      <td>-54.206006</td>\n      <td>-39.929151</td>\n    </tr>\n    <tr>\n      <th>8</th>\n      <td>10.760239</td>\n      <td>-32.602566</td>\n      <td>-5.530406</td>\n      <td>-30.931295</td>\n      <td>5.481962</td>\n      <td>45.448841</td>\n      <td>55.507607</td>\n      <td>-33.508345</td>\n      <td>32.547410</td>\n      <td>-26.209452</td>\n      <td>44.083674</td>\n      <td>53.416399</td>\n      <td>32.447784</td>\n    </tr>\n    <tr>\n      <th>9</th>\n      <td>51.406889</td>\n      <td>44.477269</td>\n      <td>32.545488</td>\n      <td>1.634430</td>\n      <td>12.726210</td>\n      <td>-19.494536</td>\n      <td>-33.593099</td>\n      <td>20.615306</td>\n      <td>-26.209452</td>\n      <td>73.410864</td>\n      <td>-54.724468</td>\n      <td>-49.482727</td>\n      <td>27.452510</td>\n    </tr>\n    <tr>\n      <th>10</th>\n      <td>-7.505740</td>\n      <td>-50.856544</td>\n      <td>-17.816088</td>\n      <td>-33.340323</td>\n      <td>1.124818</td>\n      <td>55.271214</td>\n      <td>71.100072</td>\n      <td>-43.044611</td>\n      <td>44.083674</td>\n      <td>-54.724468</td>\n      <td>66.775295</td>\n      <td>74.726976</td>\n      <td>24.254318</td>\n    </tr>\n    <tr>\n      <th>11</th>\n      <td>10.231038</td>\n      <td>-55.760443</td>\n      <td>-12.550317</td>\n      <td>-47.886016</td>\n      <td>6.877296</td>\n      <td>72.474962</td>\n      <td>89.725066</td>\n      <td>-54.206006</td>\n      <td>53.416399</td>\n      <td>-49.482727</td>\n      <td>74.726976</td>\n      <td>88.466171</td>\n      <td>46.626928</td>\n    </tr>\n    <tr>\n      <th>12</th>\n      <td>72.265198</td>\n      <td>-13.834611</td>\n      <td>23.264151</td>\n      <td>-54.678244</td>\n      <td>23.024184</td>\n      <td>62.831215</td>\n      <td>66.714251</td>\n      <td>-39.929151</td>\n      <td>32.447784</td>\n      <td>27.452510</td>\n      <td>24.254318</td>\n      <td>46.626928</td>\n      <td>87.237912</td>\n    </tr>\n  </tbody>\n</table>\n</div>"
     },
     "metadata": {}
    }
   ],
   "source": [
    "d = X_train_std.shape[1] # number of features\n",
    "\n",
    "# Mean overall (actually this will give all zeros becuase data is already standardized.)\n",
    "mva = np.mean(X_train_std, axis=0).reshape(d,1) # make column vector\n",
    "\n",
    "S_B = np.zeros((d, d))\n",
    "for label, mv in zip(np.unique(y), mvs):\n",
    "    # Count number of obervation in each class\n",
    "    n = X_train[y_train == label, :].shape[0]\n",
    "    # Mean values for each class\n",
    "    mv = mv.reshape(d, 1)  # make column vector\n",
    "    mmm = mv - mva\n",
    "    # Outer product\n",
    "    S_B += n * mmm @ mmm.T\n",
    "\n",
    "df = pd.DataFrame(S_B)\n",
    "display(df)\n"
   ]
  },
  {
   "source": [
    "### Computer eigenvalues and eigenvectors\n",
    "Solve the generalized eigenvalue problem for the matrix $S_W^{-1}S_B$:"
   ],
   "cell_type": "markdown",
   "metadata": {}
  },
  {
   "cell_type": "code",
   "execution_count": 7,
   "metadata": {},
   "outputs": [],
   "source": [
    "eigen_vals, eigen_vecs = np.linalg.eig(np.linalg.inv(S_W).dot(S_B))"
   ]
  },
  {
   "cell_type": "code",
   "execution_count": 8,
   "metadata": {},
   "outputs": [
    {
     "output_type": "execute_result",
     "data": {
      "text/plain": [
       "array([-2.84217094e-14,  1.56436361e+02,  4.52721581e+02, -2.14210848e-14,\n",
       "       -2.14210848e-14,  2.94949277e-14,  2.94949277e-14,  1.47057057e-14,\n",
       "        1.47057057e-14, -1.07752065e-15, -1.07752065e-15, -6.85990803e-15,\n",
       "        1.20187193e-15])"
      ]
     },
     "metadata": {},
     "execution_count": 8
    }
   ],
   "source": [
    "# Print the real parts of the eigenvalues\n",
    "eigen_vals.real"
   ]
  },
  {
   "source": [
    "### Sort eigenvectors in decreasing order of the eigenvalues"
   ],
   "cell_type": "markdown",
   "metadata": {}
  },
  {
   "cell_type": "code",
   "execution_count": 9,
   "metadata": {},
   "outputs": [
    {
     "output_type": "display_data",
     "data": {
      "text/plain": "        Eigenvalues                                       Eigenvectors\nOrder                                                                 \n0      4.527216e+02  [-0.06615876883289219, 0.038620561508021525, -...\n1      1.564364e+02  [-0.379741246436571, -0.22064303455104475, -0....\n2      2.949493e-14  [0.11779378241369856, -0.2045244235673671, -0....\n3      2.949493e-14  [0.11779378241369856, -0.2045244235673671, -0....\n4      1.470571e-14  [-0.595732834467147, 0.38679067578339626, 0.15...\n5      1.470571e-14  [-0.595732834467147, 0.38679067578339626, 0.15...\n6      1.201872e-15  [0.7277361357334139, -0.025215076407144824, -0...\n7     -1.077521e-15  [0.7352941707283567, -0.18631544428270808, -0....\n8     -1.077521e-15  [0.7352941707283567, -0.18631544428270808, -0....\n9     -6.859908e-15  [0.5648988482040362, -0.0670477588081666, -0.5...\n10    -2.142108e-14  [0.5851350011286148, -0.2223084707144724, -0.0...\n11    -2.142108e-14  [0.5851350011286148, -0.2223084707144724, -0.0...\n12    -2.842171e-14  [0.7782748643333985, -0.1243933022216562, -0.2...",
      "text/html": "<div>\n<style scoped>\n    .dataframe tbody tr th:only-of-type {\n        vertical-align: middle;\n    }\n\n    .dataframe tbody tr th {\n        vertical-align: top;\n    }\n\n    .dataframe thead th {\n        text-align: right;\n    }\n</style>\n<table border=\"1\" class=\"dataframe\">\n  <thead>\n    <tr style=\"text-align: right;\">\n      <th></th>\n      <th>Eigenvalues</th>\n      <th>Eigenvectors</th>\n    </tr>\n    <tr>\n      <th>Order</th>\n      <th></th>\n      <th></th>\n    </tr>\n  </thead>\n  <tbody>\n    <tr>\n      <th>0</th>\n      <td>4.527216e+02</td>\n      <td>[-0.06615876883289219, 0.038620561508021525, -...</td>\n    </tr>\n    <tr>\n      <th>1</th>\n      <td>1.564364e+02</td>\n      <td>[-0.379741246436571, -0.22064303455104475, -0....</td>\n    </tr>\n    <tr>\n      <th>2</th>\n      <td>2.949493e-14</td>\n      <td>[0.11779378241369856, -0.2045244235673671, -0....</td>\n    </tr>\n    <tr>\n      <th>3</th>\n      <td>2.949493e-14</td>\n      <td>[0.11779378241369856, -0.2045244235673671, -0....</td>\n    </tr>\n    <tr>\n      <th>4</th>\n      <td>1.470571e-14</td>\n      <td>[-0.595732834467147, 0.38679067578339626, 0.15...</td>\n    </tr>\n    <tr>\n      <th>5</th>\n      <td>1.470571e-14</td>\n      <td>[-0.595732834467147, 0.38679067578339626, 0.15...</td>\n    </tr>\n    <tr>\n      <th>6</th>\n      <td>1.201872e-15</td>\n      <td>[0.7277361357334139, -0.025215076407144824, -0...</td>\n    </tr>\n    <tr>\n      <th>7</th>\n      <td>-1.077521e-15</td>\n      <td>[0.7352941707283567, -0.18631544428270808, -0....</td>\n    </tr>\n    <tr>\n      <th>8</th>\n      <td>-1.077521e-15</td>\n      <td>[0.7352941707283567, -0.18631544428270808, -0....</td>\n    </tr>\n    <tr>\n      <th>9</th>\n      <td>-6.859908e-15</td>\n      <td>[0.5648988482040362, -0.0670477588081666, -0.5...</td>\n    </tr>\n    <tr>\n      <th>10</th>\n      <td>-2.142108e-14</td>\n      <td>[0.5851350011286148, -0.2223084707144724, -0.0...</td>\n    </tr>\n    <tr>\n      <th>11</th>\n      <td>-2.142108e-14</td>\n      <td>[0.5851350011286148, -0.2223084707144724, -0.0...</td>\n    </tr>\n    <tr>\n      <th>12</th>\n      <td>-2.842171e-14</td>\n      <td>[0.7782748643333985, -0.1243933022216562, -0.2...</td>\n    </tr>\n  </tbody>\n</table>\n</div>"
     },
     "metadata": {}
    }
   ],
   "source": [
    "# Make a list of (eigenvalue, eigenvector) tuples\n",
    "eigen_pairs = [(eigen_vals[i].real, eigen_vecs.real[:, i]) for i in range(len(eigen_vals))]\n",
    "\n",
    "# Sort the (eigenvalue, eigenvector) tuples from high to low\n",
    "eigen_pairs = sorted(eigen_pairs, key=lambda k: k[0], reverse=True)\n",
    "\n",
    "df = pd.DataFrame(eigen_pairs)\n",
    "df.index.name = \"Order\"\n",
    "df.columns = [\"Eigenvalues\",\"Eigenvectors\"]\n",
    "display(df)"
   ]
  },
  {
   "source": [
    "### Visualizing \"discriminability\""
   ],
   "cell_type": "markdown",
   "metadata": {}
  },
  {
   "cell_type": "code",
   "execution_count": 10,
   "metadata": {},
   "outputs": [
    {
     "output_type": "display_data",
     "data": {
      "text/plain": "<Figure size 432x288 with 1 Axes>",
